509 90
509 125
509 106
509 5
509 90
509 6
509 5
509 3
509 90
509 90
509 90
509 6
509 5
509 3
509 90
509 90
509 90
509 6
509 125
509 5
509 3
509 90
509 90
509 90
509 6
509 125
509 5
509 3
509 90
509 90
509 90
509 90
509 6
509 125
509 91
509 125
509 125
509 125
509 125
509 136
509 49
509 24
509 47
509 50
509 67
509 27
509 67
509 67
509 97
509 122
509 45
509 45
509 5
509 106
509 106
509 106
509 106
509 106
509 6
509 6
509 6
509 6
509 6
509 6
509 6
509 6
509 6
509 6
509 6
509 6
509 6
509 6
509 6
509 6
509 6
509 6
509 6
509 6
509 6
509 6
509 6
509 6
509 6
509 6
509 6
509 6
509 6
509 6
509 6
509 6
509 6
509 6
509 6
509 6
509 6
509 6
509 6
509 6
509 6
509 6
509 6
509 6
509 6
509 6
509 6
509 6
509 6
509 6
509 6
509 6
509 6
509 6
509 6
509 6
509 6
509 6
509 6
509 6
509 6
509 6
509 6
509 6
509 6
509 6
509 6
509 6
509 6
509 6
509 6
509 6
509 6
509 6
509 6
509 6
509 6
509 6
509 6
509 6
509 6
509 6
509 6
509 6
509 6
509 6
509 6
509 6
509 6
509 6
509 6
509 6
509 6
509 6
509 6
509 6
509 6
509 6
509 6
509 6
509 6
509 6
509 6
509 6
509 6
509 6
509 6
509 6
509 6
509 6
509 6
509 6
509 6
509 6
509 6
509 6
509 6
509 6
509 6
509 6
509 6
509 6
509 6
509 6
509 6
509 6
509 6
509 6
509 6
509 6
509 6
509 6
509 6
509 6
509 6
509 6
509 6
509 6
509 6
509 6
509 6
509 6
509 6
509 6
509 6
509 6
509 6
509 6
509 6
509 6
509 6
509 6
509 6
509 6
509 6
509 6
509 6
509 6
509 6
509 6
509 6
509 6
509 6
509 6
509 6
509 6
509 6
509 6
509 6
509 6
509 6
509 6
509 6
509 6
509 6
509 6
509 6
509 6
509 6
509 6
509 6
509 6
509 6
509 6
509 6
509 6
509 6
509 6
509 6
509 6
509 6
509 6
509 6
509 6
509 6
509 6
509 6
509 6
509 6
509 6
509 6
509 6
509 6
509 6
509 6
509 6
509 6
509 6
509 6
509 6
509 6
509 6
509 6
509 6
509 6
509 6
509 6
509 6
509 6
509 6
509 6
509 6
509 6
509 6
509 6
509 6
509 6
509 6
509 6
509 6
509 6
509 6
509 6
509 6
509 6
509 6
509 6
509 6
509 6
509 6
509 6
509 6
509 6
509 6
509 6
509 6
509 6
509 6
509 6
509 6
509 6
509 6
509 6
509 6
509 54
509 108
509 106
509 5
509 55
509 45
509 141
509 141
509 141
509 141
509 106
509 6
509 57
509 54
509 16
509 15
509 54
509 67
509 111
509 67
509 66
509 5
509 6
509 6
509 6
509 63
509 63
509 63
509 6
509 54
509 106
509 5
509 108
509 90
509 3
509 106
509 5
509 90
509 6
509 5
509 3
509 90
509 90
509 90
509 6
509 125
509 91
509 106
509 5
509 90
509 6
509 5
509 3
509 90
509 90
509 90
509 6
509 125
509 5
509 3
509 90
509 90
509 90
509 90
509 6
509 125
509 91
509 106
509 5
509 90
509 6
509 5
509 3
509 90
509 90
509 90
509 6
509 125
509 91
509 106
509 5
509 90
509 6
509 5
509 3
509 90
509 90
509 90
509 90
509 6
509 125
509 91
509 3
509 6
509 91
509 5
509 108
509 90
509 3
509 106
509 5
509 90
509 6
509 5
509 3
509 90
509 90
509 90
509 6
509 125
509 91
509 3
509 6
509 91
509 5
509 45
509 108
509 90
509 3
509 3
509 6
509 91
509 5
509 108
509 90
509 3
509 19
509 6
509 91
509 5
509 108
509 90
509 3
509 3
509 6
509 91
509 76
509 75
509 24
509 5
509 108
509 90
509 3
509 19
509 6
509 91
509 13
509 13
509 13
509 13
509 13
509 13
509 13
509 13
509 13
509 5
509 5
509 13
509 54
509 54
509 13
509 4
509 54
509 3
509 54
509 4
509 5
509 108
509 90
509 3
509 19
509 6
509 91
509 13
509 13
509 13
509 13
509 13
509 13
509 13
509 13
509 13
509 5
509 5
509 13
509 76
509 75
509 5
509 5
509 108
509 90
509 3
509 3
509 6
509 91
509 76
509 75
509 24
509 5
509 108
509 90
509 3
509 19
509 6
509 91
509 13
509 13
509 13
509 13
509 13
509 13
509 13
509 13
509 13
509 5
509 5
509 13
509 13
509 13
509 13
509 13
509 13
509 76
509 75
509 5
509 108
509 90
509 19
509 3
509 19
509 6
509 91
509 27
509 24
509 50
509 71
509 70
509 33
509 23
509 70
509 71
509 20
509 5
509 3
509 3
509 3
509 3
509 13
509 19
509 4
509 6
509 5
509 67
509 27
509 143
509 27
509 4
509 143
509 6
509 5
509 19
509 3
509 5
509 3
509 6
509 13
509 108
509 90
509 54
509 4
509 19
509 13
509 4
509 6
509 5
509 108
509 90
509 3
509 19
509 6
509 91
509 16
509 15
509 46
509 49
509 5
509 108
509 90
509 3
509 3
509 6
509 91
509 5
509 5
509 81
509 5
509 108
509 90
509 3
509 3
509 6
509 91
509 76
509 75
509 24
509 76
509 75
509 5
509 108
509 90
509 3
509 3
509 6
509 91
509 76
509 75
509 24
509 24
509 54
509 54
509 108
509 106
509 5
509 55
509 141
509 141
509 141
509 141
509 106
509 6
509 5
509 3
509 3
509 3
509 3
509 5
509 108
509 90
509 3
509 19
509 6
509 91
509 13
509 13
509 13
509 13
509 13
509 13
509 13
509 13
509 13
509 5
509 5
509 13
509 13
509 13
509 13
509 13
509 6
509 54
509 54
509 108
509 106
509 5
509 55
509 141
509 141
509 141
509 141
509 106
509 6
509 5
509 3
509 3
509 3
509 3
509 13
509 13
509 13
509 13
509 13
509 13
509 6
509 102
509 102
509 13
509 20
509 4
509 6
509 76
509 75
509 5
509 67
509 3
509 67
509 6
509 106
509 67
509 67
509 67
509 67
509 67
509 23
509 12
509 2
509 67
509 114
510 11
509 67
509 5
509 108
509 90
509 3
509 3
509 6
509 91
509 76
509 75
509 24
509 102
509 102
509 13
509 20
509 4
509 6
509 76
509 75
509 91
509 91
509 91
509 91
509 91
509 91
509 1
531 90
531 125
531 106
531 5
531 90
531 6
531 5
531 3
531 90
531 90
531 90
531 6
531 5
531 3
531 90
531 90
531 90
531 6
531 125
531 5
531 3
531 90
531 90
531 90
531 6
531 125
531 5
531 3
531 90
531 90
531 90
531 90
531 6
531 125
531 91
531 125
531 125
531 125
531 125
531 136
531 49
531 24
531 47
531 50
531 67
531 27
531 67
531 67
531 97
531 122
531 45
531 45
531 5
531 106
531 106
531 106
531 106
531 106
531 6
531 6
531 6
531 6
531 6
531 6
531 6
531 6
531 6
531 6
531 6
531 6
531 6
531 6
531 6
531 6
531 6
531 6
531 6
531 6
531 6
531 6
531 6
531 6
531 6
531 6
531 6
531 6
531 6
531 6
531 6
531 6
531 6
531 6
531 6
531 6
531 6
531 6
531 6
531 6
531 6
531 6
531 6
531 6
531 6
531 6
531 6
531 6
531 6
531 6
531 6
531 6
531 6
531 6
531 6
531 6
531 6
531 6
531 6
531 6
531 6
531 6
531 6
531 6
531 6
531 6
531 6
531 6
531 6
531 6
531 6
531 6
531 6
531 6
531 6
531 6
531 6
531 6
531 6
531 6
531 6
531 6
531 6
531 6
531 6
531 6
531 6
531 6
531 6
531 6
531 6
531 6
531 6
531 6
531 6
531 6
531 6
531 6
531 6
531 6
531 6
531 6
531 6
531 6
531 6
531 6
531 6
531 6
531 6
531 6
531 6
531 6
531 6
531 6
531 6
531 6
531 6
531 6
531 6
531 6
531 6
531 6
531 6
531 6
531 6
531 6
531 6
531 6
531 6
531 6
531 6
531 6
531 6
531 6
531 6
531 6
531 6
531 6
531 6
531 6
531 6
531 6
531 6
531 6
531 6
531 6
531 6
531 6
531 6
531 6
531 6
531 6
531 6
531 6
531 6
531 6
531 6
531 6
531 6
531 6
531 6
531 6
531 6
531 6
531 6
531 6
531 6
531 6
531 6
531 6
531 6
531 6
531 6
531 6
531 6
531 6
531 6
531 6
531 6
531 6
531 6
531 6
531 6
531 6
531 6
531 6
531 6
531 6
531 6
531 6
531 6
531 6
531 6
531 6
531 6
531 6
531 6
531 6
531 6
531 6
531 6
531 6
531 6
531 6
531 6
531 6
531 6
531 6
531 6
531 6
531 6
531 6
531 6
531 6
531 6
531 6
531 6
531 6
531 6
531 6
531 6
531 6
531 6
531 6
531 6
531 6
531 6
531 6
531 6
531 6
531 6
531 6
531 6
531 6
531 6
531 6
531 6
531 6
531 6
531 6
531 6
531 6
531 6
531 6
531 6
531 6
531 6
531 6
531 6
531 6
531 6
531 6
531 6
531 6
531 54
531 108
531 106
531 5
531 55
531 45
531 141
531 141
531 141
531 141
531 106
531 6
531 57
531 54
531 16
531 15
531 54
531 67
531 111
531 67
531 66
531 5
531 6
531 6
531 6
531 63
531 63
531 63
531 6
531 54
531 106
531 5
531 108
531 90
531 3
531 106
531 5
531 90
531 6
531 5
531 3
531 90
531 90
531 90
531 6
531 125
531 91
531 106
531 5
531 90
531 6
531 5
531 3
531 90
531 90
531 90
531 6
531 125
531 5
531 3
531 90
531 90
531 90
531 90
531 6
531 125
531 91
531 106
531 5
531 90
531 6
531 5
531 3
531 90
531 90
531 90
531 6
531 125
531 91
531 106
531 5
531 90
531 6
531 5
531 3
531 90
531 90
531 90
531 90
531 6
531 125
531 91
531 3
531 6
531 91
531 5
531 108
531 90
531 3
531 106
531 5
531 90
531 6
531 5
531 3
531 90
531 90
531 90
531 6
531 125
531 91
531 3
531 6
531 91
531 5
531 45
531 108
531 90
531 3
531 3
531 6
531 91
531 5
531 108
531 90
531 3
531 19
531 6
531 91
531 5
531 108
531 90
531 3
531 3
531 6
531 91
531 76
531 75
531 24
531 5
531 108
531 90
531 3
531 19
531 6
531 91
531 13
531 13
531 13
531 13
531 13
531 13
531 13
531 13
531 13
531 5
531 5
531 13
531 54
531 54
531 13
531 4
531 54
531 3
531 54
531 4
531 5
531 108
531 90
531 3
531 19
531 6
531 91
531 13
531 13
531 13
531 13
531 13
531 13
531 13
531 13
531 13
531 5
531 5
531 13
531 76
531 75
531 5
531 5
531 108
531 90
531 3
531 3
531 6
531 91
531 76
531 75
531 24
531 5
531 108
531 90
531 3
531 19
531 6
531 91
531 13
531 13
531 13
531 13
531 13
531 13
531 13
531 13
531 13
531 5
531 5
531 13
531 13
531 13
531 13
531 13
531 13
531 76
531 75
531 5
531 108
531 90
531 19
531 3
531 19
531 6
531 91
531 27
531 24
531 50
531 71
531 70
531 33
531 23
531 70
531 71
531 20
531 5
531 3
531 3
531 3
531 3
531 13
531 19
531 4
531 6
531 5
531 67
531 27
531 143
531 27
531 4
531 143
531 6
531 5
531 19
531 3
531 19
531 13
531 4
531 6
531 5
531 108
531 90
531 3
531 19
531 6
531 91
531 16
531 15
531 46
531 49
531 5
531 108
531 90
531 3
531 3
531 6
531 91
531 5
531 5
531 81
531 5
531 108
531 90
531 3
531 3
531 6
531 91
531 76
531 75
531 24
531 76
531 75
531 5
531 108
531 90
531 3
531 3
531 6
531 91
531 76
531 75
531 24
531 24
531 54
531 54
531 108
531 106
531 5
531 55
531 141
531 141
531 141
531 141
531 106
531 6
531 5
531 3
531 3
531 3
531 3
531 5
531 108
531 90
531 3
531 19
531 6
531 91
531 13
531 13
531 13
531 13
531 13
531 13
531 13
531 13
531 13
531 5
531 5
531 13
531 13
531 13
531 13
531 13
531 6
531 54
531 54
531 108
531 106
531 5
531 55
531 141
531 141
531 141
531 141
531 106
531 6
531 5
531 3
531 3
531 3
531 3
531 13
531 13
531 13
531 13
531 13
531 13
531 6
531 102
531 102
531 13
531 5
531 3
531 6
531 13
531 20
531 4
531 6
531 76
531 75
531 5
531 67
531 3
531 67
531 6
531 106
531 67
531 67
531 67
531 67
531 67
531 23
531 12
531 2
531 67
531 114
17809 11
531 67
531 5
531 108
531 90
531 3
531 3
531 6
531 91
531 76
531 75
531 24
531 102
531 102
531 13
531 20
531 4
531 6
531 76
531 75
531 91
531 91
531 91
531 91
531 91
531 91
531 1
19563 90
19563 125
19563 106
19563 5
19563 90
19563 6
19563 5
19563 3
19563 90
19563 90
19563 90
19563 6
19563 5
19563 3
19563 90
19563 90
19563 90
19563 6
19563 125
19563 5
19563 3
19563 90
19563 90
19563 90
19563 6
19563 125
19563 5
19563 3
19563 90
19563 90
19563 90
19563 90
19563 6
19563 125
19563 91
19563 125
19563 125
19563 125
19563 125
19563 136
19563 49
19563 24
19563 47
19563 50
19563 67
19563 27
19563 67
19563 67
19563 97
19563 122
19563 45
19563 45
19563 5
19563 106
19563 106
19563 106
19563 106
19563 106
19563 6
19563 6
19563 6
19563 6
19563 6
19563 6
19563 6
19563 6
19563 6
19563 6
19563 6
19563 6
19563 6
19563 6
19563 6
19563 6
19563 6
19563 6
19563 6
19563 6
19563 6
19563 6
19563 6
19563 6
19563 6
19563 6
19563 6
19563 6
19563 6
19563 6
19563 6
19563 6
19563 6
19563 6
19563 6
19563 6
19563 6
19563 6
19563 6
19563 6
19563 6
19563 6
19563 6
19563 6
19563 6
19563 6
19563 6
19563 6
19563 6
19563 6
19563 6
19563 6
19563 6
19563 6
19563 6
19563 6
19563 6
19563 6
19563 6
19563 6
19563 6
19563 6
19563 6
19563 6
19563 6
19563 6
19563 6
19563 6
19563 6
19563 6
19563 6
19563 6
19563 6
19563 6
19563 6
19563 6
19563 6
19563 6
19563 6
19563 6
19563 6
19563 6
19563 6
19563 6
19563 6
19563 6
19563 6
19563 6
19563 6
19563 6
19563 6
19563 6
19563 6
19563 6
19563 6
19563 6
19563 6
19563 6
19563 6
19563 6
19563 6
19563 6
19563 6
19563 6
19563 6
19563 6
19563 6
19563 6
19563 6
19563 6
19563 6
19563 6
19563 6
19563 6
19563 6
19563 6
19563 6
19563 6
19563 6
19563 6
19563 6
19563 6
19563 6
19563 6
19563 6
19563 6
19563 6
19563 6
19563 6
19563 6
19563 6
19563 6
19563 6
19563 6
19563 6
19563 6
19563 6
19563 6
19563 6
19563 6
19563 6
19563 6
19563 6
19563 6
19563 6
19563 6
19563 6
19563 6
19563 6
19563 6
19563 6
19563 6
19563 6
19563 6
19563 6
19563 6
19563 6
19563 6
19563 6
19563 6
19563 6
19563 6
19563 6
19563 6
19563 6
19563 6
19563 6
19563 6
19563 6
19563 6
19563 6
19563 6
19563 6
19563 6
19563 6
19563 6
19563 6
19563 6
19563 6
19563 6
19563 6
19563 6
19563 6
19563 6
19563 6
19563 6
19563 6
19563 6
19563 6
19563 6
19563 6
19563 6
19563 6
19563 6
19563 6
19563 6
19563 6
19563 6
19563 6
19563 6
19563 6
19563 6
19563 6
19563 6
19563 6
19563 6
19563 6
19563 6
19563 6
19563 6
19563 6
19563 6
19563 6
19563 6
19563 6
19563 6
19563 6
19563 6
19563 6
19563 6
19563 6
19563 6
19563 6
19563 6
19563 6
19563 6
19563 6
19563 6
19563 6
19563 6
19563 6
19563 6
19563 6
19563 6
19563 6
19563 6
19563 6
19563 6
19563 6
19563 6
19563 6
19563 6
19563 6
19563 6
19563 6
19563 6
19563 6
19563 6
19563 6
19563 6
19563 6
19563 6
19563 6
19563 6
19563 54
19563 108
19563 106
19563 5
19563 55
19563 45
19563 141
19563 141
19563 141
19563 141
19563 106
19563 6
19563 57
19563 54
19563 16
19563 15
19563 54
19563 67
19563 111
19563 67
19563 66
19563 5
19563 6
19563 6
19563 6
19563 63
19563 63
19563 63
19563 6
19563 54
19563 106
19563 5
19563 108
19563 90
19563 3
19563 106
19563 5
19563 90
19563 6
19563 5
19563 3
19563 90
19563 90
19563 90
19563 6
19563 125
19563 91
19563 106
19563 5
19563 90
19563 6
19563 5
19563 3
19563 90
19563 90
19563 90
19563 6
19563 125
19563 5
19563 3
19563 90
19563 90
19563 90
19563 90
19563 6
19563 125
19563 91
19563 106
19563 5
19563 90
19563 6
19563 5
19563 3
19563 90
19563 90
19563 90
19563 6
19563 125
19563 91
19563 106
19563 5
19563 90
19563 6
19563 5
19563 3
19563 90
19563 90
19563 90
19563 90
19563 6
19563 125
19563 91
19563 3
19563 6
19563 91
19563 5
19563 108
19563 90
19563 3
19563 106
19563 5
19563 90
19563 6
19563 5
19563 3
19563 90
19563 90
19563 90
19563 6
19563 125
19563 91
19563 3
19563 6
19563 91
19563 5
19563 45
19563 108
19563 90
19563 3
19563 3
19563 6
19563 91
19563 5
19563 108
19563 90
19563 3
19563 19
19563 6
19563 91
19563 106
19563 5
19563 108
19563 90
19563 3
19563 19
19563 6
19563 91
19563 5
19563 108
19563 90
19563 3
19563 3
19563 6
19563 91
19563 76
19563 75
19563 24
19563 5
19563 108
19563 90
19563 3
19563 19
19563 6
19563 91
19563 13
19563 13
19563 13
19563 13
19563 13
19563 13
19563 13
19563 13
19563 13
19563 5
19563 5
19563 13
19563 54
19563 54
19563 13
19563 4
19563 54
19563 3
19563 54
19563 4
19563 5
19563 108
19563 90
19563 3
19563 19
19563 6
19563 91
19563 13
19563 13
19563 13
19563 13
19563 13
19563 13
19563 13
19563 13
19563 13
19563 5
19563 5
19563 13
19563 76
19563 75
19563 5
19563 5
19563 108
19563 90
19563 3
19563 3
19563 6
19563 91
19563 76
19563 75
19563 24
19563 5
19563 108
19563 90
19563 3
19563 19
19563 6
19563 91
19563 13
19563 13
19563 13
19563 13
19563 13
19563 13
19563 13
19563 13
19563 13
19563 5
19563 5
19563 13
19563 13
19563 13
19563 13
19563 13
19563 13
19563 76
19563 75
19563 5
19563 108
19563 90
19563 19
19563 3
19563 19
19563 6
19563 91
19563 27
19563 24
19563 50
19563 71
19563 70
19563 33
19563 23
19563 70
19563 71
19563 20
19563 5
19563 3
19563 3
19563 3
19563 3
19563 13
19563 19
19563 4
19563 6
19563 5
19563 67
19563 27
19563 143
19563 27
19563 4
19563 143
19563 6
19563 5
19563 19
19563 3
19563 19
19563 13
19563 4
19563 6
19563 5
19563 108
19563 90
19563 3
19563 19
19563 6
19563 91
19563 16
19563 15
19563 46
19563 49
19563 5
19563 108
19563 90
19563 3
19563 3
19563 6
19563 91
19563 5
19563 5
19563 81
19563 5
19563 108
19563 90
19563 3
19563 3
19563 6
19563 91
19563 76
19563 75
19563 24
19563 76
19563 75
19563 5
19563 108
19563 90
19563 3
19563 3
19563 6
19563 91
19563 76
19563 75
19563 24
19563 24
19563 54
19563 54
19563 108
19563 106
19563 5
19563 55
19563 141
19563 141
19563 141
19563 141
19563 106
19563 6
19563 5
19563 3
19563 3
19563 3
19563 3
19563 5
19563 108
19563 90
19563 3
19563 19
19563 6
19563 91
19563 13
19563 13
19563 13
19563 13
19563 13
19563 13
19563 13
19563 13
19563 13
19563 5
19563 5
19563 13
19563 13
19563 13
19563 13
19563 13
19563 6
19563 54
19563 54
19563 108
19563 106
19563 5
19563 55
19563 141
19563 141
19563 141
19563 141
19563 106
19563 6
19563 5
19563 3
19563 3
19563 3
19563 3
19563 13
19563 13
19563 13
19563 13
19563 13
19563 13
19563 6
19563 102
19563 102
19563 13
19563 5
19563 3
19563 6
19563 13
19563 20
19563 4
19563 6
19563 76
19563 75
19563 102
19563 102
19563 13
19563 4
19563 5
19563 67
19563 3
19563 67
19563 6
19563 106
19563 108
19563 90
19563 54
19563 4
19563 67
19563 67
19563 67
19563 67
19563 67
19563 23
19563 12
19563 2
19563 67
19563 114
19573 11
598 90
598 125
598 106
598 5
598 90
598 6
598 5
598 3
598 90
598 90
598 90
598 6
598 5
598 3
598 90
598 90
598 90
598 6
598 125
598 5
598 3
598 90
598 90
598 90
598 6
598 125
598 5
598 3
598 90
598 90
598 90
598 90
598 6
598 125
598 91
598 125
598 125
598 125
598 125
598 136
598 49
598 24
598 47
598 50
598 67
598 27
598 67
598 67
598 97
598 122
598 45
598 45
598 5
598 106
598 106
598 106
598 106
598 106
598 6
598 6
598 6
598 6
598 6
598 6
598 6
598 6
598 6
598 6
598 6
598 6
598 6
598 6
598 6
598 6
598 6
598 6
598 6
598 6
598 6
598 6
598 6
598 6
598 6
598 6
598 6
598 6
598 6
598 6
598 6
598 6
598 6
598 6
598 6
598 6
598 6
598 6
598 6
598 6
598 6
598 6
598 6
598 6
598 6
598 6
598 6
598 6
598 6
598 6
598 6
598 6
598 6
598 6
598 6
598 6
598 6
598 6
598 6
598 6
598 6
598 6
598 6
598 6
598 6
598 6
598 6
598 6
598 6
598 6
598 6
598 6
598 6
598 6
598 6
598 6
598 6
598 6
598 6
598 6
598 6
598 6
598 6
598 6
598 6
598 6
598 6
598 6
598 6
598 6
598 6
598 6
598 6
598 6
598 6
598 6
598 6
598 6
598 6
598 6
598 6
598 6
598 6
598 6
598 6
598 6
598 6
598 6
598 6
598 6
598 6
598 6
598 6
598 6
598 6
598 6
598 6
598 6
598 6
598 6
598 6
598 6
598 6
598 6
598 6
598 6
598 6
598 6
598 6
598 6
598 6
598 6
598 6
598 6
598 6
598 6
598 6
598 6
598 6
598 6
598 6
598 6
598 6
598 6
598 6
598 6
598 6
598 6
598 6
598 6
598 6
598 6
598 6
598 6
598 6
598 6
598 6
598 6
598 6
598 6
598 6
598 6
598 6
598 6
598 6
598 6
598 6
598 6
598 6
598 6
598 6
598 6
598 6
598 6
598 6
598 6
598 6
598 6
598 6
598 6
598 6
598 6
598 6
598 6
598 6
598 6
598 6
598 6
598 6
598 6
598 6
598 6
598 6
598 6
598 6
598 6
598 6
598 6
598 6
598 6
598 6
598 6
598 6
598 6
598 6
598 6
598 6
598 6
598 6
598 6
598 6
598 6
598 6
598 6
598 6
598 6
598 6
598 6
598 6
598 6
598 6
598 6
598 6
598 6
598 6
598 6
598 6
598 6
598 6
598 6
598 6
598 6
598 6
598 6
598 6
598 6
598 6
598 6
598 6
598 6
598 6
598 6
598 6
598 6
598 6
598 6
598 6
598 6
598 6
598 6
598 6
598 6
598 6
598 6
598 54
598 108
598 106
598 5
598 55
598 45
598 141
598 141
598 141
598 141
598 106
598 6
598 57
598 54
598 16
598 15
598 54
598 67
598 111
598 67
598 66
598 5
598 6
598 6
598 6
598 63
598 63
598 63
598 6
598 54
598 106
598 5
598 108
598 90
598 3
598 106
598 5
598 90
598 6
598 5
598 3
598 90
598 90
598 90
598 6
598 125
598 91
598 106
598 5
598 90
598 6
598 5
598 3
598 90
598 90
598 90
598 6
598 125
598 5
598 3
598 90
598 90
598 90
598 90
598 6
598 125
598 91
598 106
598 5
598 90
598 6
598 5
598 3
598 90
598 90
598 90
598 6
598 125
598 91
598 106
598 5
598 90
598 6
598 5
598 3
598 90
598 90
598 90
598 90
598 6
598 125
598 91
598 3
598 6
598 91
598 5
598 108
598 90
598 3
598 106
598 5
598 90
598 6
598 5
598 3
598 90
598 90
598 90
598 6
598 125
598 91
598 3
598 6
598 91
598 5
598 45
598 108
598 90
598 3
598 3
598 6
598 91
598 5
598 108
598 90
598 3
598 19
598 6
598 91
598 5
598 108
598 90
598 3
598 3
598 6
598 91
598 76
598 75
598 24
598 5
598 108
598 90
598 3
598 19
598 6
598 91
598 13
598 13
598 13
598 13
598 13
598 13
598 13
598 13
598 13
598 5
598 5
598 13
598 54
598 54
598 13
598 4
598 54
598 3
598 54
598 4
598 5
598 108
598 90
598 3
598 19
598 6
598 91
598 13
598 13
598 13
598 13
598 13
598 13
598 13
598 13
598 13
598 5
598 5
598 13
598 76
598 75
598 5
598 5
598 108
598 90
598 3
598 3
598 6
598 91
598 76
598 75
598 24
598 5
598 108
598 90
598 3
598 19
598 6
598 91
598 13
598 13
598 13
598 13
598 13
598 13
598 13
598 13
598 13
598 5
598 5
598 13
598 13
598 13
598 13
598 13
598 13
598 76
598 75
598 5
598 108
598 90
598 19
598 3
598 19
598 6
598 91
598 27
598 24
598 50
598 71
598 70
598 33
598 23
598 70
598 71
598 20
598 5
598 3
598 3
598 3
598 3
598 13
598 19
598 4
598 6
598 5
598 67
598 27
598 143
598 27
598 4
598 143
598 6
598 5
598 19
598 3
598 5
598 3
598 6
598 13
598 108
598 90
598 54
598 4
598 19
598 13
598 4
598 6
598 5
598 108
598 90
598 3
598 19
598 6
598 91
598 16
598 15
598 46
598 49
598 5
598 108
598 90
598 3
598 3
598 6
598 91
598 5
598 5
598 81
598 5
598 108
598 90
598 3
598 3
598 6
598 91
598 76
598 75
598 24
598 76
598 75
598 5
598 108
598 90
598 3
598 3
598 6
598 91
598 76
598 75
598 24
598 24
598 54
598 54
598 108
598 106
598 5
598 55
598 141
598 141
598 141
598 141
598 106
598 6
598 5
598 3
598 3
598 3
598 3
598 5
598 108
598 90
598 3
598 19
598 6
598 91
598 13
598 13
598 13
598 13
598 13
598 13
598 13
598 13
598 13
598 5
598 5
598 13
598 13
598 13
598 13
598 13
598 6
598 54
598 54
598 108
598 106
598 5
598 55
598 141
598 141
598 141
598 141
598 106
598 6
598 5
598 3
598 3
598 3
598 3
598 13
598 13
598 13
598 13
598 13
598 13
598 6
598 102
598 102
598 13
598 20
598 4
598 6
598 76
598 75
598 5
598 67
598 3
598 67
598 6
598 106
598 67
598 67
598 67
598 67
598 67
598 23
598 12
598 2
598 67
598 114
725 11
598 67
598 5
598 108
598 90
598 3
598 3
598 6
598 91
598 76
598 75
598 24
598 102
598 102
598 13
598 20
598 4
598 6
598 76
598 75
598 91
598 91
598 91
598 91
598 91
598 91
598 1
2188 90
2188 125
2188 106
2188 5
2188 90
2188 6
2188 5
2188 3
2188 90
2188 90
2188 90
2188 6
2188 5
2188 3
2188 90
2188 90
2188 90
2188 6
2188 125
2188 5
2188 3
2188 90
2188 90
2188 90
2188 6
2188 125
2188 5
2188 3
2188 90
2188 90
2188 90
2188 90
2188 6
2188 125
2188 91
2188 125
2188 125
2188 125
2188 125
2188 136
2188 49
2188 24
2188 47
2188 50
2188 67
2188 27
2188 67
2188 67
2188 97
2188 122
2188 45
2188 45
2188 5
2188 106
2188 106
2188 106
2188 106
2188 106
2188 6
2188 6
2188 6
2188 6
2188 6
2188 6
2188 6
2188 6
2188 6
2188 6
2188 6
2188 6
2188 6
2188 6
2188 6
2188 6
2188 6
2188 6
2188 6
2188 6
2188 6
2188 6
2188 6
2188 6
2188 6
2188 6
2188 6
2188 6
2188 6
2188 6
2188 6
2188 6
2188 6
2188 6
2188 6
2188 6
2188 6
2188 6
2188 6
2188 6
2188 6
2188 6
2188 6
2188 6
2188 6
2188 6
2188 6
2188 6
2188 6
2188 6
2188 6
2188 6
2188 6
2188 6
2188 6
2188 6
2188 6
2188 6
2188 6
2188 6
2188 6
2188 6
2188 6
2188 6
2188 6
2188 6
2188 6
2188 6
2188 6
2188 6
2188 6
2188 6
2188 6
2188 6
2188 6
2188 6
2188 6
2188 6
2188 6
2188 6
2188 6
2188 6
2188 6
2188 6
2188 6
2188 6
2188 6
2188 6
2188 6
2188 6
2188 6
2188 6
2188 6
2188 6
2188 6
2188 6
2188 6
2188 6
2188 6
2188 6
2188 6
2188 6
2188 6
2188 6
2188 6
2188 6
2188 6
2188 6
2188 6
2188 6
2188 6
2188 6
2188 6
2188 6
2188 6
2188 6
2188 6
2188 6
2188 6
2188 6
2188 6
2188 6
2188 6
2188 6
2188 6
2188 6
2188 6
2188 6
2188 6
2188 6
2188 6
2188 6
2188 6
2188 6
2188 6
2188 6
2188 6
2188 6
2188 6
2188 6
2188 6
2188 6
2188 6
2188 6
2188 6
2188 6
2188 6
2188 6
2188 6
2188 6
2188 6
2188 6
2188 6
2188 6
2188 6
2188 6
2188 6
2188 6
2188 6
2188 6
2188 6
2188 6
2188 6
2188 6
2188 6
2188 6
2188 6
2188 6
2188 6
2188 6
2188 6
2188 6
2188 6
2188 6
2188 6
2188 6
2188 6
2188 6
2188 6
2188 6
2188 6
2188 6
2188 6
2188 6
2188 6
2188 6
2188 6
2188 6
2188 6
2188 6
2188 6
2188 6
2188 6
2188 6
2188 6
2188 6
2188 6
2188 6
2188 6
2188 6
2188 6
2188 6
2188 6
2188 6
2188 6
2188 6
2188 6
2188 6
2188 6
2188 6
2188 6
2188 6
2188 6
2188 6
2188 6
2188 6
2188 6
2188 6
2188 6
2188 6
2188 6
2188 6
2188 6
2188 6
2188 6
2188 6
2188 6
2188 6
2188 6
2188 6
2188 6
2188 6
2188 6
2188 6
2188 6
2188 6
2188 6
2188 6
2188 6
2188 6
2188 6
2188 6
2188 6
2188 6
2188 6
2188 6
2188 6
2188 6
2188 6
2188 6
2188 6
2188 6
2188 6
2188 6
2188 54
2188 108
2188 106
2188 5
2188 55
2188 45
2188 141
2188 141
2188 141
2188 141
2188 106
2188 6
2188 57
2188 54
2188 16
2188 15
2188 54
2188 67
2188 111
2188 67
2188 66
2188 5
2188 6
2188 6
2188 6
2188 63
2188 63
2188 63
2188 6
2188 54
2188 106
2188 5
2188 108
2188 90
2188 3
2188 106
2188 5
2188 90
2188 6
2188 5
2188 3
2188 90
2188 90
2188 90
2188 6
2188 125
2188 91
2188 106
2188 5
2188 90
2188 6
2188 5
2188 3
2188 90
2188 90
2188 90
2188 6
2188 125
2188 5
2188 3
2188 90
2188 90
2188 90
2188 90
2188 6
2188 125
2188 91
2188 106
2188 5
2188 90
2188 6
2188 5
2188 3
2188 90
2188 90
2188 90
2188 6
2188 125
2188 91
2188 106
2188 5
2188 90
2188 6
2188 5
2188 3
2188 90
2188 90
2188 90
2188 90
2188 6
2188 125
2188 91
2188 3
2188 6
2188 91
2188 5
2188 108
2188 90
2188 3
2188 106
2188 5
2188 90
2188 6
2188 5
2188 3
2188 90
2188 90
2188 90
2188 6
2188 125
2188 91
2188 3
2188 6
2188 91
2188 5
2188 45
2188 108
2188 90
2188 3
2188 3
2188 6
2188 91
2188 5
2188 108
2188 90
2188 3
2188 19
2188 6
2188 91
2188 5
2188 108
2188 90
2188 3
2188 3
2188 6
2188 91
2188 76
2188 75
2188 24
2188 5
2188 108
2188 90
2188 3
2188 19
2188 6
2188 91
2188 13
2188 13
2188 13
2188 13
2188 13
2188 13
2188 13
2188 13
2188 13
2188 5
2188 5
2188 13
2188 54
2188 54
2188 13
2188 4
2188 54
2188 3
2188 54
2188 4
2188 5
2188 108
2188 90
2188 3
2188 19
2188 6
2188 91
2188 13
2188 13
2188 13
2188 13
2188 13
2188 13
2188 13
2188 13
2188 13
2188 5
2188 5
2188 13
2188 76
2188 75
2188 5
2188 5
2188 108
2188 90
2188 3
2188 3
2188 6
2188 91
2188 76
2188 75
2188 24
2188 5
2188 108
2188 90
2188 3
2188 19
2188 6
2188 91
2188 13
2188 13
2188 13
2188 13
2188 13
2188 13
2188 13
2188 13
2188 13
2188 5
2188 5
2188 13
2188 13
2188 13
2188 13
2188 13
2188 13
2188 76
2188 75
2188 5
2188 108
2188 90
2188 19
2188 3
2188 19
2188 6
2188 91
2188 27
2188 24
2188 50
2188 71
2188 70
2188 33
2188 23
2188 70
2188 71
2188 20
2188 5
2188 3
2188 3
2188 3
2188 3
2188 13
2188 19
2188 4
2188 6
2188 5
2188 67
2188 27
2188 143
2188 27
2188 4
2188 143
2188 6
2188 5
2188 19
2188 3
2188 5
2188 3
2188 6
2188 13
2188 108
2188 90
2188 54
2188 4
2188 19
2188 13
2188 4
2188 6
2188 5
2188 108
2188 90
2188 3
2188 19
2188 6
2188 91
2188 16
2188 15
2188 46
2188 49
2188 5
2188 108
2188 90
2188 3
2188 3
2188 6
2188 91
2188 5
2188 5
2188 81
2188 5
2188 108
2188 90
2188 3
2188 3
2188 6
2188 91
2188 76
2188 75
2188 24
2188 76
2188 75
2188 5
2188 108
2188 90
2188 3
2188 3
2188 6
2188 91
2188 76
2188 75
2188 24
2188 24
2188 54
2188 54
2188 108
2188 106
2188 5
2188 55
2188 141
2188 141
2188 141
2188 141
2188 106
2188 6
2188 5
2188 3
2188 3
2188 3
2188 3
2188 5
2188 108
2188 90
2188 3
2188 19
2188 6
2188 91
2188 13
2188 13
2188 13
2188 13
2188 13
2188 13
2188 13
2188 13
2188 13
2188 5
2188 5
2188 13
2188 13
2188 13
2188 13
2188 13
2188 6
2188 54
2188 54
2188 108
2188 106
2188 5
2188 55
2188 141
2188 141
2188 141
2188 141
2188 106
2188 6
2188 5
2188 3
2188 3
2188 3
2188 3
2188 13
2188 13
2188 13
2188 13
2188 13
2188 13
2188 6
2188 102
2188 102
2188 13
2188 20
2188 4
2188 6
2188 76
2188 75
2188 5
2188 67
2188 3
2188 67
2188 6
2188 106
2188 67
2188 67
2188 67
2188 67
2188 67
2188 23
2188 12
2188 2
2188 67
2188 114
5246 11
2188 67
2188 5
2188 108
2188 90
2188 3
2188 3
2188 6
2188 91
2188 76
2188 75
2188 24
2188 102
2188 102
2188 13
2188 20
2188 4
2188 6
2188 76
2188 75
2188 91
2188 91
2188 91
2188 91
2188 91
2188 91
2188 1
9280 90
9280 125
9280 106
9280 5
9280 90
9280 6
9280 5
9280 3
9280 90
9280 90
9280 90
9280 6
9280 5
9280 3
9280 90
9280 90
9280 90
9280 6
9280 125
9280 5
9280 3
9280 90
9280 90
9280 90
9280 6
9280 125
9280 5
9280 3
9280 90
9280 90
9280 90
9280 90
9280 6
9280 125
9280 91
9280 125
9280 125
9280 125
9280 125
9280 136
9280 49
9280 24
9280 47
9280 50
9280 67
9280 27
9280 67
9280 67
9280 97
9280 122
9280 45
9280 45
9280 5
9280 106
9280 106
9280 106
9280 106
9280 106
9280 6
9280 6
9280 6
9280 6
9280 6
9280 6
9280 6
9280 6
9280 6
9280 6
9280 6
9280 6
9280 6
9280 6
9280 6
9280 6
9280 6
9280 6
9280 6
9280 6
9280 6
9280 6
9280 6
9280 6
9280 6
9280 6
9280 6
9280 6
9280 6
9280 6
9280 6
9280 6
9280 6
9280 6
9280 6
9280 6
9280 6
9280 6
9280 6
9280 6
9280 6
9280 6
9280 6
9280 6
9280 6
9280 6
9280 6
9280 6
9280 6
9280 6
9280 6
9280 6
9280 6
9280 6
9280 6
9280 6
9280 6
9280 6
9280 6
9280 6
9280 6
9280 6
9280 6
9280 6
9280 6
9280 6
9280 6
9280 6
9280 6
9280 6
9280 6
9280 6
9280 6
9280 6
9280 6
9280 6
9280 6
9280 6
9280 6
9280 6
9280 6
9280 6
9280 6
9280 6
9280 6
9280 6
9280 6
9280 6
9280 6
9280 6
9280 6
9280 6
9280 6
9280 6
9280 6
9280 6
9280 6
9280 6
9280 6
9280 6
9280 6
9280 6
9280 6
9280 6
9280 6
9280 6
9280 6
9280 6
9280 6
9280 6
9280 6
9280 6
9280 6
9280 6
9280 6
9280 6
9280 6
9280 6
9280 6
9280 6
9280 6
9280 6
9280 6
9280 6
9280 6
9280 6
9280 6
9280 6
9280 6
9280 6
9280 6
9280 6
9280 6
9280 6
9280 6
9280 6
9280 6
9280 6
9280 6
9280 6
9280 6
9280 6
9280 6
9280 6
9280 6
9280 6
9280 6
9280 6
9280 6
9280 6
9280 6
9280 6
9280 6
9280 6
9280 6
9280 6
9280 6
9280 6
9280 6
9280 6
9280 6
9280 6
9280 6
9280 6
9280 6
9280 6
9280 6
9280 6
9280 6
9280 6
9280 6
9280 6
9280 6
9280 6
9280 6
9280 6
9280 6
9280 6
9280 6
9280 6
9280 6
9280 6
9280 6
9280 6
9280 6
9280 6
9280 6
9280 6
9280 6
9280 6
9280 6
9280 6
9280 6
9280 6
9280 6
9280 6
9280 6
9280 6
9280 6
9280 6
9280 6
9280 6
9280 6
9280 6
9280 6
9280 6
9280 6
9280 6
9280 6
9280 6
9280 6
9280 6
9280 6
9280 6
9280 6
9280 6
9280 6
9280 6
9280 6
9280 6
9280 6
9280 6
9280 6
9280 6
9280 6
9280 6
9280 6
9280 6
9280 6
9280 6
9280 6
9280 6
9280 6
9280 6
9280 6
9280 6
9280 6
9280 6
9280 6
9280 6
9280 6
9280 6
9280 6
9280 6
9280 6
9280 6
9280 6
9280 6
9280 6
9280 6
9280 6
9280 6
9280 6
9280 6
9280 54
9280 108
9280 106
9280 5
9280 55
9280 45
9280 141
9280 141
9280 141
9280 141
9280 106
9280 6
9280 57
9280 54
9280 16
9280 15
9280 54
9280 67
9280 111
9280 67
9280 66
9280 5
9280 6
9280 6
9280 6
9280 63
9280 63
9280 63
9280 6
9280 54
9280 106
9280 5
9280 108
9280 90
9280 3
9280 106
9280 5
9280 90
9280 6
9280 5
9280 3
9280 90
9280 90
9280 90
9280 6
9280 125
9280 91
9280 106
9280 5
9280 90
9280 6
9280 5
9280 3
9280 90
9280 90
9280 90
9280 6
9280 125
9280 5
9280 3
9280 90
9280 90
9280 90
9280 90
9280 6
9280 125
9280 91
9280 106
9280 5
9280 90
9280 6
9280 5
9280 3
9280 90
9280 90
9280 90
9280 6
9280 125
9280 91
9280 106
9280 5
9280 90
9280 6
9280 5
9280 3
9280 90
9280 90
9280 90
9280 90
9280 6
9280 125
9280 91
9280 3
9280 6
9280 91
9280 5
9280 108
9280 90
9280 3
9280 106
9280 5
9280 90
9280 6
9280 5
9280 3
9280 90
9280 90
9280 90
9280 6
9280 125
9280 91
9280 3
9280 6
9280 91
9280 5
9280 45
9280 108
9280 90
9280 3
9280 3
9280 6
9280 91
9280 5
9280 108
9280 90
9280 3
9280 19
9280 6
9280 91
9280 5
9280 108
9280 90
9280 3
9280 3
9280 6
9280 91
9280 76
9280 75
9280 24
9280 5
9280 108
9280 90
9280 3
9280 19
9280 6
9280 91
9280 13
9280 13
9280 13
9280 13
9280 13
9280 13
9280 13
9280 13
9280 13
9280 5
9280 5
9280 13
9280 54
9280 54
9280 13
9280 4
9280 54
9280 3
9280 54
9280 4
9280 5
9280 108
9280 90
9280 3
9280 19
9280 6
9280 91
9280 13
9280 13
9280 13
9280 13
9280 13
9280 13
9280 13
9280 13
9280 13
9280 5
9280 5
9280 13
9280 76
9280 75
9280 5
9280 5
9280 108
9280 90
9280 3
9280 3
9280 6
9280 91
9280 76
9280 75
9280 24
9280 5
9280 108
9280 90
9280 3
9280 19
9280 6
9280 91
9280 13
9280 13
9280 13
9280 13
9280 13
9280 13
9280 13
9280 13
9280 13
9280 5
9280 5
9280 13
9280 13
9280 13
9280 13
9280 13
9280 13
9280 76
9280 75
9280 5
9280 108
9280 90
9280 19
9280 3
9280 19
9280 6
9280 91
9280 27
9280 24
9280 50
9280 71
9280 70
9280 33
9280 23
9280 70
9280 71
9280 20
9280 5
9280 3
9280 3
9280 3
9280 3
9280 13
9280 19
9280 4
9280 6
9280 5
9280 67
9280 27
9280 143
9280 27
9280 4
9280 143
9280 6
9280 5
9280 19
9280 3
9280 5
9280 3
9280 6
9280 13
9280 108
9280 90
9280 54
9280 4
9280 19
9280 13
9280 4
9280 6
9280 5
9280 108
9280 90
9280 3
9280 19
9280 6
9280 91
9280 16
9280 15
9280 46
9280 49
9280 5
9280 108
9280 90
9280 3
9280 3
9280 6
9280 91
9280 5
9280 5
9280 81
9280 5
9280 108
9280 90
9280 3
9280 3
9280 6
9280 91
9280 76
9280 75
9280 24
9280 76
9280 75
9280 5
9280 108
9280 90
9280 3
9280 3
9280 6
9280 91
9280 76
9280 75
9280 24
9280 24
9280 54
9280 54
9280 108
9280 106
9280 5
9280 55
9280 141
9280 141
9280 141
9280 141
9280 106
9280 6
9280 5
9280 3
9280 3
9280 3
9280 3
9280 5
9280 108
9280 90
9280 3
9280 19
9280 6
9280 91
9280 13
9280 13
9280 13
9280 13
9280 13
9280 13
9280 13
9280 13
9280 13
9280 5
9280 5
9280 13
9280 13
9280 13
9280 13
9280 13
9280 6
9280 54
9280 54
9280 108
9280 106
9280 5
9280 55
9280 141
9280 141
9280 141
9280 141
9280 106
9280 6
9280 5
9280 3
9280 3
9280 3
9280 3
9280 13
9280 13
9280 13
9280 13
9280 13
9280 13
9280 6
9280 102
9280 102
9280 13
9280 20
9280 4
9280 6
9280 76
9280 75
9280 5
9280 67
9280 3
9280 67
9280 6
9280 106
9280 67
9280 67
9280 67
9280 67
9280 67
9280 23
9280 12
9280 2
9280 67
9280 114
2782 11
9280 67
9280 5
9280 108
9280 90
9280 3
9280 3
9280 6
9280 91
9280 76
9280 75
9280 24
9280 102
9280 102
9280 13
9280 20
9280 4
9280 6
9280 76
9280 75
9280 91
9280 91
9280 91
9280 91
9280 91
9280 91
9280 1
4938 90
4938 125
4938 106
4938 5
4938 90
4938 6
4938 5
4938 3
4938 90
4938 90
4938 90
4938 6
4938 5
4938 3
4938 90
4938 90
4938 90
4938 6
4938 125
4938 5
4938 3
4938 90
4938 90
4938 90
4938 6
4938 125
4938 5
4938 3
4938 90
4938 90
4938 90
4938 90
4938 6
4938 125
4938 91
4938 125
4938 125
4938 125
4938 125
4938 136
4938 49
4938 24
4938 47
4938 50
4938 67
4938 27
4938 67
4938 67
4938 97
4938 122
4938 45
4938 45
4938 5
4938 106
4938 106
4938 106
4938 106
4938 106
4938 6
4938 6
4938 6
4938 6
4938 6
4938 6
4938 6
4938 6
4938 6
4938 6
4938 6
4938 6
4938 6
4938 6
4938 6
4938 6
4938 6
4938 6
4938 6
4938 6
4938 6
4938 6
4938 6
4938 6
4938 6
4938 6
4938 6
4938 6
4938 6
4938 6
4938 6
4938 6
4938 6
4938 6
4938 6
4938 6
4938 6
4938 6
4938 6
4938 6
4938 6
4938 6
4938 6
4938 6
4938 6
4938 6
4938 6
4938 6
4938 6
4938 6
4938 6
4938 6
4938 6
4938 6
4938 6
4938 6
4938 6
4938 6
4938 6
4938 6
4938 6
4938 6
4938 6
4938 6
4938 6
4938 6
4938 6
4938 6
4938 6
4938 6
4938 6
4938 6
4938 6
4938 6
4938 6
4938 6
4938 6
4938 6
4938 6
4938 6
4938 6
4938 6
4938 6
4938 6
4938 6
4938 6
4938 6
4938 6
4938 6
4938 6
4938 6
4938 6
4938 6
4938 6
4938 6
4938 6
4938 6
4938 6
4938 6
4938 6
4938 6
4938 6
4938 6
4938 6
4938 6
4938 6
4938 6
4938 6
4938 6
4938 6
4938 6
4938 6
4938 6
4938 6
4938 6
4938 6
4938 6
4938 6
4938 6
4938 6
4938 6
4938 6
4938 6
4938 6
4938 6
4938 6
4938 6
4938 6
4938 6
4938 6
4938 6
4938 6
4938 6
4938 6
4938 6
4938 6
4938 6
4938 6
4938 6
4938 6
4938 6
4938 6
4938 6
4938 6
4938 6
4938 6
4938 6
4938 6
4938 6
4938 6
4938 6
4938 6
4938 6
4938 6
4938 6
4938 6
4938 6
4938 6
4938 6
4938 6
4938 6
4938 6
4938 6
4938 6
4938 6
4938 6
4938 6
4938 6
4938 6
4938 6
4938 6
4938 6
4938 6
4938 6
4938 6
4938 6
4938 6
4938 6
4938 6
4938 6
4938 6
4938 6
4938 6
4938 6
4938 6
4938 6
4938 6
4938 6
4938 6
4938 6
4938 6
4938 6
4938 6
4938 6
4938 6
4938 6
4938 6
4938 6
4938 6
4938 6
4938 6
4938 6
4938 6
4938 6
4938 6
4938 6
4938 6
4938 6
4938 6
4938 6
4938 6
4938 6
4938 6
4938 6
4938 6
4938 6
4938 6
4938 6
4938 6
4938 6
4938 6
4938 6
4938 6
4938 6
4938 6
4938 6
4938 6
4938 6
4938 6
4938 6
4938 6
4938 6
4938 6
4938 6
4938 6
4938 6
4938 6
4938 6
4938 6
4938 6
4938 6
4938 6
4938 6
4938 6
4938 6
4938 6
4938 6
4938 6
4938 6
4938 6
4938 6
4938 6
4938 6
4938 6
4938 54
4938 108
4938 106
4938 5
4938 55
4938 45
4938 141
4938 141
4938 141
4938 141
4938 106
4938 6
4938 57
4938 54
4938 16
4938 15
4938 54
4938 67
4938 111
4938 67
4938 66
4938 5
4938 6
4938 6
4938 6
4938 63
4938 63
4938 63
4938 6
4938 54
4938 106
4938 5
4938 108
4938 90
4938 3
4938 106
4938 5
4938 90
4938 6
4938 5
4938 3
4938 90
4938 90
4938 90
4938 6
4938 125
4938 91
4938 106
4938 5
4938 90
4938 6
4938 5
4938 3
4938 90
4938 90
4938 90
4938 6
4938 125
4938 5
4938 3
4938 90
4938 90
4938 90
4938 90
4938 6
4938 125
4938 91
4938 106
4938 5
4938 90
4938 6
4938 5
4938 3
4938 90
4938 90
4938 90
4938 6
4938 125
4938 91
4938 106
4938 5
4938 90
4938 6
4938 5
4938 3
4938 90
4938 90
4938 90
4938 90
4938 6
4938 125
4938 91
4938 3
4938 6
4938 91
4938 5
4938 108
4938 90
4938 3
4938 106
4938 5
4938 90
4938 6
4938 5
4938 3
4938 90
4938 90
4938 90
4938 6
4938 125
4938 91
4938 3
4938 6
4938 91
4938 5
4938 45
4938 108
4938 90
4938 3
4938 3
4938 6
4938 91
4938 5
4938 108
4938 90
4938 3
4938 19
4938 6
4938 91
4938 5
4938 108
4938 90
4938 3
4938 3
4938 6
4938 91
4938 76
4938 75
4938 24
4938 5
4938 108
4938 90
4938 3
4938 19
4938 6
4938 91
4938 13
4938 13
4938 13
4938 13
4938 13
4938 13
4938 13
4938 13
4938 13
4938 5
4938 5
4938 13
4938 54
4938 54
4938 13
4938 4
4938 54
4938 3
4938 54
4938 4
4938 5
4938 108
4938 90
4938 3
4938 19
4938 6
4938 91
4938 13
4938 13
4938 13
4938 13
4938 13
4938 13
4938 13
4938 13
4938 13
4938 5
4938 5
4938 13
4938 76
4938 75
4938 5
4938 5
4938 108
4938 90
4938 3
4938 3
4938 6
4938 91
4938 76
4938 75
4938 24
4938 5
4938 108
4938 90
4938 3
4938 19
4938 6
4938 91
4938 13
4938 13
4938 13
4938 13
4938 13
4938 13
4938 13
4938 13
4938 13
4938 5
4938 5
4938 13
4938 13
4938 13
4938 13
4938 13
4938 13
4938 76
4938 75
4938 5
4938 108
4938 90
4938 19
4938 3
4938 19
4938 6
4938 91
4938 27
4938 24
4938 50
4938 71
4938 70
4938 33
4938 23
4938 70
4938 71
4938 20
4938 5
4938 3
4938 3
4938 3
4938 3
4938 13
4938 19
4938 4
4938 6
4938 5
4938 67
4938 27
4938 143
4938 27
4938 4
4938 143
4938 6
4938 5
4938 19
4938 3
4938 5
4938 3
4938 6
4938 13
4938 108
4938 90
4938 54
4938 4
4938 19
4938 13
4938 4
4938 6
4938 5
4938 108
4938 90
4938 3
4938 19
4938 6
4938 91
4938 16
4938 15
4938 46
4938 49
4938 5
4938 108
4938 90
4938 3
4938 3
4938 6
4938 91
4938 5
4938 5
4938 81
4938 5
4938 108
4938 90
4938 3
4938 3
4938 6
4938 91
4938 76
4938 75
4938 24
4938 76
4938 75
4938 5
4938 108
4938 90
4938 3
4938 3
4938 6
4938 91
4938 76
4938 75
4938 24
4938 24
4938 54
4938 54
4938 108
4938 106
4938 5
4938 55
4938 141
4938 141
4938 141
4938 141
4938 106
4938 6
4938 5
4938 3
4938 3
4938 3
4938 3
4938 5
4938 108
4938 90
4938 3
4938 19
4938 6
4938 91
4938 13
4938 13
4938 13
4938 13
4938 13
4938 13
4938 13
4938 13
4938 13
4938 5
4938 5
4938 13
4938 13
4938 13
4938 13
4938 13
4938 6
4938 54
4938 54
4938 108
4938 106
4938 5
4938 55
4938 141
4938 141
4938 141
4938 141
4938 106
4938 6
4938 5
4938 3
4938 3
4938 3
4938 3
4938 13
4938 13
4938 13
4938 13
4938 13
4938 13
4938 6
4938 102
4938 102
4938 13
4938 20
4938 4
4938 6
4938 76
4938 75
4938 5
4938 67
4938 3
4938 67
4938 6
4938 106
4938 67
4938 67
4938 67
4938 67
4938 67
4938 23
4938 12
4938 2
4938 67
4938 114
8088 11
4938 67
4938 5
4938 108
4938 90
4938 3
4938 3
4938 6
4938 91
4938 76
4938 75
4938 24
4938 102
4938 102
4938 13
4938 20
4938 4
4938 6
4938 76
4938 75
4938 91
4938 91
4938 91
4938 91
4938 91
4938 91
4938 1
8954 90
8954 125
8954 106
8954 5
8954 90
8954 6
8954 5
8954 3
8954 90
8954 90
8954 90
8954 6
8954 5
8954 3
8954 90
8954 90
8954 90
8954 6
8954 125
8954 5
8954 3
8954 90
8954 90
8954 90
8954 6
8954 125
8954 5
8954 3
8954 90
8954 90
8954 90
8954 90
8954 6
8954 125
8954 91
8954 125
8954 125
8954 125
8954 125
8954 136
8954 49
8954 24
8954 47
8954 50
8954 67
8954 27
8954 67
8954 67
8954 97
8954 122
8954 45
8954 45
8954 5
8954 106
8954 106
8954 106
8954 106
8954 106
8954 6
8954 6
8954 6
8954 6
8954 6
8954 6
8954 6
8954 6
8954 6
8954 6
8954 6
8954 6
8954 6
8954 6
8954 6
8954 6
8954 6
8954 6
8954 6
8954 6
8954 6
8954 6
8954 6
8954 6
8954 6
8954 6
8954 6
8954 6
8954 6
8954 6
8954 6
8954 6
8954 6
8954 6
8954 6
8954 6
8954 6
8954 6
8954 6
8954 6
8954 6
8954 6
8954 6
8954 6
8954 6
8954 6
8954 6
8954 6
8954 6
8954 6
8954 6
8954 6
8954 6
8954 6
8954 6
8954 6
8954 6
8954 6
8954 6
8954 6
8954 6
8954 6
8954 6
8954 6
8954 6
8954 6
8954 6
8954 6
8954 6
8954 6
8954 6
8954 6
8954 6
8954 6
8954 6
8954 6
8954 6
8954 6
8954 6
8954 6
8954 6
8954 6
8954 6
8954 6
8954 6
8954 6
8954 6
8954 6
8954 6
8954 6
8954 6
8954 6
8954 6
8954 6
8954 6
8954 6
8954 6
8954 6
8954 6
8954 6
8954 6
8954 6
8954 6
8954 6
8954 6
8954 6
8954 6
8954 6
8954 6
8954 6
8954 6
8954 6
8954 6
8954 6
8954 6
8954 6
8954 6
8954 6
8954 6
8954 6
8954 6
8954 6
8954 6
8954 6
8954 6
8954 6
8954 6
8954 6
8954 6
8954 6
8954 6
8954 6
8954 6
8954 6
8954 6
8954 6
8954 6
8954 6
8954 6
8954 6
8954 6
8954 6
8954 6
8954 6
8954 6
8954 6
8954 6
8954 6
8954 6
8954 6
8954 6
8954 6
8954 6
8954 6
8954 6
8954 6
8954 6
8954 6
8954 6
8954 6
8954 6
8954 6
8954 6
8954 6
8954 6
8954 6
8954 6
8954 6
8954 6
8954 6
8954 6
8954 6
8954 6
8954 6
8954 6
8954 6
8954 6
8954 6
8954 6
8954 6
8954 6
8954 6
8954 6
8954 6
8954 6
8954 6
8954 6
8954 6
8954 6
8954 6
8954 6
8954 6
8954 6
8954 6
8954 6
8954 6
8954 6
8954 6
8954 6
8954 6
8954 6
8954 6
8954 6
8954 6
8954 6
8954 6
8954 6
8954 6
8954 6
8954 6
8954 6
8954 6
8954 6
8954 6
8954 6
8954 6
8954 6
8954 6
8954 6
8954 6
8954 6
8954 6
8954 6
8954 6
8954 6
8954 6
8954 6
8954 6
8954 6
8954 6
8954 6
8954 6
8954 6
8954 6
8954 6
8954 6
8954 6
8954 6
8954 6
8954 6
8954 6
8954 6
8954 6
8954 6
8954 6
8954 6
8954 6
8954 6
8954 6
8954 6
8954 6
8954 6
8954 6
8954 6
8954 54
8954 108
8954 106
8954 5
8954 55
8954 45
8954 141
8954 141
8954 141
8954 141
8954 106
8954 6
8954 57
8954 54
8954 16
8954 15
8954 54
8954 67
8954 111
8954 67
8954 66
8954 5
8954 6
8954 6
8954 6
8954 63
8954 63
8954 63
8954 6
8954 54
8954 106
8954 5
8954 108
8954 90
8954 3
8954 106
8954 5
8954 90
8954 6
8954 5
8954 3
8954 90
8954 90
8954 90
8954 6
8954 125
8954 91
8954 106
8954 5
8954 90
8954 6
8954 5
8954 3
8954 90
8954 90
8954 90
8954 6
8954 125
8954 5
8954 3
8954 90
8954 90
8954 90
8954 90
8954 6
8954 125
8954 91
8954 106
8954 5
8954 90
8954 6
8954 5
8954 3
8954 90
8954 90
8954 90
8954 6
8954 125
8954 91
8954 106
8954 5
8954 90
8954 6
8954 5
8954 3
8954 90
8954 90
8954 90
8954 90
8954 6
8954 125
8954 91
8954 3
8954 6
8954 91
8954 5
8954 108
8954 90
8954 3
8954 106
8954 5
8954 90
8954 6
8954 5
8954 3
8954 90
8954 90
8954 90
8954 6
8954 125
8954 91
8954 3
8954 6
8954 91
8954 5
8954 45
8954 108
8954 90
8954 3
8954 3
8954 6
8954 91
8954 5
8954 108
8954 90
8954 3
8954 19
8954 6
8954 91
8954 106
8954 5
8954 108
8954 90
8954 3
8954 19
8954 6
8954 91
8954 5
8954 108
8954 90
8954 3
8954 3
8954 6
8954 91
8954 76
8954 75
8954 24
8954 5
8954 108
8954 90
8954 3
8954 19
8954 6
8954 91
8954 13
8954 13
8954 13
8954 13
8954 13
8954 13
8954 13
8954 13
8954 13
8954 5
8954 5
8954 13
8954 54
8954 54
8954 13
8954 4
8954 54
8954 3
8954 54
8954 4
8954 5
8954 108
8954 90
8954 3
8954 19
8954 6
8954 91
8954 13
8954 13
8954 13
8954 13
8954 13
8954 13
8954 13
8954 13
8954 13
8954 5
8954 5
8954 13
8954 76
8954 75
8954 5
8954 5
8954 108
8954 90
8954 3
8954 3
8954 6
8954 91
8954 76
8954 75
8954 24
8954 5
8954 108
8954 90
8954 3
8954 19
8954 6
8954 91
8954 13
8954 13
8954 13
8954 13
8954 13
8954 13
8954 13
8954 13
8954 13
8954 5
8954 5
8954 13
8954 13
8954 13
8954 13
8954 13
8954 13
8954 76
8954 75
8954 5
8954 108
8954 90
8954 19
8954 3
8954 19
8954 6
8954 91
8954 27
8954 24
8954 50
8954 71
8954 70
8954 33
8954 23
8954 70
8954 71
8954 20
8954 5
8954 3
8954 3
8954 3
8954 3
8954 13
8954 19
8954 4
8954 6
8954 5
8954 67
8954 27
8954 143
8954 27
8954 4
8954 143
8954 6
8954 5
8954 19
8954 3
8954 5
8954 3
8954 6
8954 13
8954 108
8954 90
8954 54
8954 4
8954 19
8954 13
8954 4
8954 6
8954 5
8954 108
8954 90
8954 3
8954 19
8954 6
8954 91
8954 16
8954 15
8954 46
8954 49
8954 5
8954 108
8954 90
8954 3
8954 3
8954 6
8954 91
8954 5
8954 5
8954 81
8954 5
8954 108
8954 90
8954 3
8954 3
8954 6
8954 91
8954 76
8954 75
8954 24
8954 76
8954 75
8954 5
8954 108
8954 90
8954 3
8954 3
8954 6
8954 91
8954 76
8954 75
8954 24
8954 24
8954 54
8954 54
8954 108
8954 106
8954 5
8954 55
8954 141
8954 141
8954 141
8954 141
8954 106
8954 6
8954 5
8954 3
8954 3
8954 3
8954 3
8954 5
8954 108
8954 90
8954 3
8954 19
8954 6
8954 91
8954 13
8954 13
8954 13
8954 13
8954 13
8954 13
8954 13
8954 13
8954 13
8954 5
8954 5
8954 13
8954 13
8954 13
8954 13
8954 13
8954 6
8954 54
8954 54
8954 108
8954 106
8954 5
8954 55
8954 141
8954 141
8954 141
8954 141
8954 106
8954 6
8954 5
8954 3
8954 3
8954 3
8954 3
8954 13
8954 13
8954 13
8954 13
8954 13
8954 13
8954 6
8954 102
8954 102
8954 13
8954 20
8954 4
8954 6
8954 76
8954 75
8954 102
8954 102
8954 13
8954 4
8954 5
8954 67
8954 3
8954 67
8954 6
8954 106
8954 4
8954 67
8954 67
8954 67
8954 67
8954 67
8954 23
8954 12
8954 2
8954 67
8954 114
8955 11
625 90
625 125
625 106
625 5
625 90
625 6
625 5
625 3
625 90
625 90
625 90
625 6
625 5
625 3
625 90
625 90
625 90
625 6
625 125
625 5
625 3
625 90
625 90
625 90
625 6
625 125
625 5
625 3
625 90
625 90
625 90
625 90
625 6
625 125
625 91
625 125
625 125
625 125
625 125
625 136
625 49
625 24
625 47
625 50
625 67
625 27
625 67
625 67
625 97
625 122
625 45
625 45
625 5
625 106
625 106
625 106
625 106
625 106
625 6
625 6
625 6
625 6
625 6
625 6
625 6
625 6
625 6
625 6
625 6
625 6
625 6
625 6
625 6
625 6
625 6
625 6
625 6
625 6
625 6
625 6
625 6
625 6
625 6
625 6
625 6
625 6
625 6
625 6
625 6
625 6
625 6
625 6
625 6
625 6
625 6
625 6
625 6
625 6
625 6
625 6
625 6
625 6
625 6
625 6
625 6
625 6
625 6
625 6
625 6
625 6
625 6
625 6
625 6
625 6
625 6
625 6
625 6
625 6
625 6
625 6
625 6
625 6
625 6
625 6
625 6
625 6
625 6
625 6
625 6
625 6
625 6
625 6
625 6
625 6
625 6
625 6
625 6
625 6
625 6
625 6
625 6
625 6
625 6
625 6
625 6
625 6
625 6
625 6
625 6
625 6
625 6
625 6
625 6
625 6
625 6
625 6
625 6
625 6
625 6
625 6
625 6
625 6
625 6
625 6
625 6
625 6
625 6
625 6
625 6
625 6
625 6
625 6
625 6
625 6
625 6
625 6
625 6
625 6
625 6
625 6
625 6
625 6
625 6
625 6
625 6
625 6
625 6
625 6
625 6
625 6
625 6
625 6
625 6
625 6
625 6
625 6
625 6
625 6
625 6
625 6
625 6
625 6
625 6
625 6
625 6
625 6
625 6
625 6
625 6
625 6
625 6
625 6
625 6
625 6
625 6
625 6
625 6
625 6
625 6
625 6
625 6
625 6
625 6
625 6
625 6
625 6
625 6
625 6
625 6
625 6
625 6
625 6
625 6
625 6
625 6
625 6
625 6
625 6
625 6
625 6
625 6
625 6
625 6
625 6
625 6
625 6
625 6
625 6
625 6
625 6
625 6
625 6
625 6
625 6
625 6
625 6
625 6
625 6
625 6
625 6
625 6
625 6
625 6
625 6
625 6
625 6
625 6
625 6
625 6
625 6
625 6
625 6
625 6
625 6
625 6
625 6
625 6
625 6
625 6
625 6
625 6
625 6
625 6
625 6
625 6
625 6
625 6
625 6
625 6
625 6
625 6
625 6
625 6
625 6
625 6
625 6
625 6
625 6
625 6
625 6
625 6
625 6
625 6
625 6
625 6
625 6
625 6
625 6
625 6
625 6
625 6
625 6
625 54
625 108
625 106
625 5
625 55
625 45
625 141
625 141
625 141
625 141
625 106
625 6
625 57
625 54
625 16
625 15
625 54
625 67
625 111
625 67
625 66
625 5
625 6
625 6
625 6
625 63
625 63
625 63
625 6
625 54
625 106
625 5
625 108
625 90
625 3
625 106
625 5
625 90
625 6
625 5
625 3
625 90
625 90
625 90
625 6
625 125
625 91
625 106
625 5
625 90
625 6
625 5
625 3
625 90
625 90
625 90
625 6
625 125
625 5
625 3
625 90
625 90
625 90
625 90
625 6
625 125
625 91
625 106
625 5
625 90
625 6
625 5
625 3
625 90
625 90
625 90
625 6
625 125
625 91
625 106
625 5
625 90
625 6
625 5
625 3
625 90
625 90
625 90
625 90
625 6
625 125
625 91
625 3
625 6
625 91
625 5
625 108
625 90
625 3
625 106
625 5
625 90
625 6
625 5
625 3
625 90
625 90
625 90
625 6
625 125
625 91
625 3
625 6
625 91
625 5
625 45
625 108
625 90
625 3
625 3
625 6
625 91
625 5
625 108
625 90
625 3
625 19
625 6
625 91
625 5
625 108
625 90
625 3
625 3
625 6
625 91
625 76
625 75
625 24
625 5
625 108
625 90
625 3
625 19
625 6
625 91
625 13
625 13
625 13
625 13
625 13
625 13
625 13
625 13
625 13
625 5
625 5
625 13
625 54
625 54
625 13
625 4
625 54
625 3
625 54
625 4
625 5
625 108
625 90
625 3
625 19
625 6
625 91
625 13
625 13
625 13
625 13
625 13
625 13
625 13
625 13
625 13
625 5
625 5
625 13
625 76
625 75
625 5
625 5
625 108
625 90
625 3
625 3
625 6
625 91
625 76
625 75
625 24
625 5
625 108
625 90
625 3
625 19
625 6
625 91
625 13
625 13
625 13
625 13
625 13
625 13
625 13
625 13
625 13
625 5
625 5
625 13
625 13
625 13
625 13
625 13
625 13
625 76
625 75
625 5
625 108
625 90
625 19
625 3
625 19
625 6
625 91
625 27
625 24
625 50
625 71
625 70
625 33
625 23
625 70
625 71
625 20
625 5
625 3
625 3
625 3
625 3
625 13
625 19
625 4
625 6
625 5
625 67
625 27
625 143
625 27
625 4
625 143
625 6
625 5
625 19
625 3
625 5
625 3
625 6
625 13
625 108
625 90
625 54
625 4
625 19
625 13
625 4
625 6
625 5
625 108
625 90
625 3
625 19
625 6
625 91
625 16
625 15
625 46
625 49
625 5
625 108
625 90
625 3
625 3
625 6
625 91
625 5
625 5
625 81
625 5
625 108
625 90
625 3
625 3
625 6
625 91
625 76
625 75
625 24
625 76
625 75
625 5
625 108
625 90
625 3
625 3
625 6
625 91
625 76
625 75
625 24
625 24
625 54
625 54
625 108
625 106
625 5
625 55
625 141
625 141
625 141
625 141
625 106
625 6
625 5
625 3
625 3
625 3
625 3
625 5
625 108
625 90
625 3
625 19
625 6
625 91
625 13
625 13
625 13
625 13
625 13
625 13
625 13
625 13
625 13
625 5
625 5
625 13
625 13
625 13
625 13
625 13
625 6
625 54
625 54
625 108
625 106
625 5
625 55
625 141
625 141
625 141
625 141
625 106
625 6
625 5
625 3
625 3
625 3
625 3
625 13
625 13
625 13
625 13
625 13
625 13
625 6
625 102
625 102
625 13
625 20
625 4
625 6
625 76
625 75
625 5
625 67
625 3
625 67
625 6
625 106
625 67
625 67
625 67
625 67
625 67
625 23
625 12
625 2
625 67
625 114
979 11
625 67
625 5
625 108
625 90
625 3
625 3
625 6
625 91
625 76
625 75
625 24
625 102
625 102
625 13
625 20
625 4
625 6
625 76
625 75
625 91
625 91
625 91
625 91
625 91
625 91
625 1
1262 90
1262 125
1262 106
1262 5
1262 90
1262 6
1262 5
1262 3
1262 90
1262 90
1262 90
1262 6
1262 5
1262 3
1262 90
1262 90
1262 90
1262 6
1262 125
1262 5
1262 3
1262 90
1262 90
1262 90
1262 6
1262 125
1262 5
1262 3
1262 90
1262 90
1262 90
1262 90
1262 6
1262 125
1262 91
1262 125
1262 125
1262 125
1262 125
1262 136
1262 49
1262 24
1262 47
1262 50
1262 67
1262 27
1262 67
1262 67
1262 97
1262 122
1262 45
1262 45
1262 5
1262 106
1262 106
1262 106
1262 106
1262 106
1262 6
1262 6
1262 6
1262 6
1262 6
1262 6
1262 6
1262 6
1262 6
1262 6
1262 6
1262 6
1262 6
1262 6
1262 6
1262 6
1262 6
1262 6
1262 6
1262 6
1262 6
1262 6
1262 6
1262 6
1262 6
1262 6
1262 6
1262 6
1262 6
1262 6
1262 6
1262 6
1262 6
1262 6
1262 6
1262 6
1262 6
1262 6
1262 6
1262 6
1262 6
1262 6
1262 6
1262 6
1262 6
1262 6
1262 6
1262 6
1262 6
1262 6
1262 6
1262 6
1262 6
1262 6
1262 6
1262 6
1262 6
1262 6
1262 6
1262 6
1262 6
1262 6
1262 6
1262 6
1262 6
1262 6
1262 6
1262 6
1262 6
1262 6
1262 6
1262 6
1262 6
1262 6
1262 6
1262 6
1262 6
1262 6
1262 6
1262 6
1262 6
1262 6
1262 6
1262 6
1262 6
1262 6
1262 6
1262 6
1262 6
1262 6
1262 6
1262 6
1262 6
1262 6
1262 6
1262 6
1262 6
1262 6
1262 6
1262 6
1262 6
1262 6
1262 6
1262 6
1262 6
1262 6
1262 6
1262 6
1262 6
1262 6
1262 6
1262 6
1262 6
1262 6
1262 6
1262 6
1262 6
1262 6
1262 6
1262 6
1262 6
1262 6
1262 6
1262 6
1262 6
1262 6
1262 6
1262 6
1262 6
1262 6
1262 6
1262 6
1262 6
1262 6
1262 6
1262 6
1262 6
1262 6
1262 6
1262 6
1262 6
1262 6
1262 6
1262 6
1262 6
1262 6
1262 6
1262 6
1262 6
1262 6
1262 6
1262 6
1262 6
1262 6
1262 6
1262 6
1262 6
1262 6
1262 6
1262 6
1262 6
1262 6
1262 6
1262 6
1262 6
1262 6
1262 6
1262 6
1262 6
1262 6
1262 6
1262 6
1262 6
1262 6
1262 6
1262 6
1262 6
1262 6
1262 6
1262 6
1262 6
1262 6
1262 6
1262 6
1262 6
1262 6
1262 6
1262 6
1262 6
1262 6
1262 6
1262 6
1262 6
1262 6
1262 6
1262 6
1262 6
1262 6
1262 6
1262 6
1262 6
1262 6
1262 6
1262 6
1262 6
1262 6
1262 6
1262 6
1262 6
1262 6
1262 6
1262 6
1262 6
1262 6
1262 6
1262 6
1262 6
1262 6
1262 6
1262 6
1262 6
1262 6
1262 6
1262 6
1262 6
1262 6
1262 6
1262 6
1262 6
1262 6
1262 6
1262 6
1262 6
1262 6
1262 6
1262 6
1262 6
1262 6
1262 6
1262 6
1262 6
1262 6
1262 6
1262 6
1262 6
1262 6
1262 6
1262 6
1262 6
1262 6
1262 6
1262 6
1262 6
1262 6
1262 54
1262 108
1262 106
1262 5
1262 55
1262 45
1262 141
1262 141
1262 141
1262 141
1262 106
1262 6
1262 57
1262 54
1262 16
1262 15
1262 54
1262 67
1262 111
1262 67
1262 66
1262 5
1262 6
1262 6
1262 6
1262 63
1262 63
1262 63
1262 6
1262 54
1262 106
1262 5
1262 108
1262 90
1262 3
1262 106
1262 5
1262 90
1262 6
1262 5
1262 3
1262 90
1262 90
1262 90
1262 6
1262 125
1262 91
1262 106
1262 5
1262 90
1262 6
1262 5
1262 3
1262 90
1262 90
1262 90
1262 6
1262 125
1262 5
1262 3
1262 90
1262 90
1262 90
1262 90
1262 6
1262 125
1262 91
1262 106
1262 5
1262 90
1262 6
1262 5
1262 3
1262 90
1262 90
1262 90
1262 6
1262 125
1262 91
1262 106
1262 5
1262 90
1262 6
1262 5
1262 3
1262 90
1262 90
1262 90
1262 90
1262 6
1262 125
1262 91
1262 3
1262 6
1262 91
1262 5
1262 108
1262 90
1262 3
1262 106
1262 5
1262 90
1262 6
1262 5
1262 3
1262 90
1262 90
1262 90
1262 6
1262 125
1262 91
1262 3
1262 6
1262 91
1262 5
1262 45
1262 108
1262 90
1262 3
1262 3
1262 6
1262 91
1262 5
1262 108
1262 90
1262 3
1262 19
1262 6
1262 91
1262 5
1262 108
1262 90
1262 3
1262 3
1262 6
1262 91
1262 76
1262 75
1262 24
1262 5
1262 108
1262 90
1262 3
1262 19
1262 6
1262 91
1262 13
1262 13
1262 13
1262 13
1262 13
1262 13
1262 13
1262 13
1262 13
1262 5
1262 5
1262 13
1262 54
1262 54
1262 13
1262 4
1262 54
1262 3
1262 54
1262 4
1262 5
1262 108
1262 90
1262 3
1262 19
1262 6
1262 91
1262 13
1262 13
1262 13
1262 13
1262 13
1262 13
1262 13
1262 13
1262 13
1262 5
1262 5
1262 13
1262 76
1262 75
1262 5
1262 5
1262 108
1262 90
1262 3
1262 3
1262 6
1262 91
1262 76
1262 75
1262 24
1262 5
1262 108
1262 90
1262 3
1262 19
1262 6
1262 91
1262 13
1262 13
1262 13
1262 13
1262 13
1262 13
1262 13
1262 13
1262 13
1262 5
1262 5
1262 13
1262 13
1262 13
1262 13
1262 13
1262 13
1262 76
1262 75
1262 5
1262 108
1262 90
1262 19
1262 3
1262 19
1262 6
1262 91
1262 27
1262 24
1262 50
1262 71
1262 70
1262 33
1262 23
1262 70
1262 71
1262 20
1262 5
1262 3
1262 3
1262 3
1262 3
1262 13
1262 19
1262 4
1262 6
1262 5
1262 67
1262 27
1262 143
1262 27
1262 4
1262 143
1262 6
1262 5
1262 19
1262 3
1262 5
1262 3
1262 6
1262 13
1262 108
1262 90
1262 54
1262 4
1262 19
1262 13
1262 4
1262 6
1262 5
1262 108
1262 90
1262 3
1262 19
1262 6
1262 91
1262 16
1262 15
1262 46
1262 49
1262 5
1262 108
1262 90
1262 3
1262 3
1262 6
1262 91
1262 5
1262 5
1262 81
1262 5
1262 108
1262 90
1262 3
1262 3
1262 6
1262 91
1262 76
1262 75
1262 24
1262 76
1262 75
1262 5
1262 108
1262 90
1262 3
1262 3
1262 6
1262 91
1262 76
1262 75
1262 24
1262 24
1262 54
1262 54
1262 108
1262 106
1262 5
1262 55
1262 141
1262 141
1262 141
1262 141
1262 106
1262 6
1262 5
1262 3
1262 3
1262 3
1262 3
1262 5
1262 108
1262 90
1262 3
1262 19
1262 6
1262 91
1262 13
1262 13
1262 13
1262 13
1262 13
1262 13
1262 13
1262 13
1262 13
1262 5
1262 5
1262 13
1262 13
1262 13
1262 13
1262 13
1262 6
1262 54
1262 54
1262 108
1262 106
1262 5
1262 55
1262 141
1262 141
1262 141
1262 141
1262 106
1262 6
1262 5
1262 3
1262 3
1262 3
1262 3
1262 13
1262 13
1262 13
1262 13
1262 13
1262 13
1262 6
1262 102
1262 102
1262 13
1262 20
1262 4
1262 6
1262 76
1262 75
1262 5
1262 67
1262 3
1262 67
1262 6
1262 106
1262 67
1262 67
1262 67
1262 67
1262 67
1262 23
1262 12
1262 2
1262 67
1262 114
1705 11
1262 67
1262 5
1262 108
1262 90
1262 3
1262 3
1262 6
1262 91
1262 76
1262 75
1262 24
1262 102
1262 102
1262 13
1262 20
1262 4
1262 6
1262 76
1262 75
1262 91
1262 91
1262 91
1262 91
1262 91
1262 91
1262 1
3278 90
3278 125
3278 106
3278 5
3278 90
3278 6
3278 5
3278 3
3278 90
3278 90
3278 90
3278 6
3278 5
3278 3
3278 90
3278 90
3278 90
3278 6
3278 125
3278 5
3278 3
3278 90
3278 90
3278 90
3278 6
3278 125
3278 5
3278 3
3278 90
3278 90
3278 90
3278 90
3278 6
3278 125
3278 91
3278 125
3278 125
3278 125
3278 125
3278 136
3278 49
3278 24
3278 47
3278 50
3278 67
3278 27
3278 67
3278 67
3278 97
3278 122
3278 45
3278 45
3278 5
3278 106
3278 106
3278 106
3278 106
3278 106
3278 6
3278 6
3278 6
3278 6
3278 6
3278 6
3278 6
3278 6
3278 6
3278 6
3278 6
3278 6
3278 6
3278 6
3278 6
3278 6
3278 6
3278 6
3278 6
3278 6
3278 6
3278 6
3278 6
3278 6
3278 6
3278 6
3278 6
3278 6
3278 6
3278 6
3278 6
3278 6
3278 6
3278 6
3278 6
3278 6
3278 6
3278 6
3278 6
3278 6
3278 6
3278 6
3278 6
3278 6
3278 6
3278 6
3278 6
3278 6
3278 6
3278 6
3278 6
3278 6
3278 6
3278 6
3278 6
3278 6
3278 6
3278 6
3278 6
3278 6
3278 6
3278 6
3278 6
3278 6
3278 6
3278 6
3278 6
3278 6
3278 6
3278 6
3278 6
3278 6
3278 6
3278 6
3278 6
3278 6
3278 6
3278 6
3278 6
3278 6
3278 6
3278 6
3278 6
3278 6
3278 6
3278 6
3278 6
3278 6
3278 6
3278 6
3278 6
3278 6
3278 6
3278 6
3278 6
3278 6
3278 6
3278 6
3278 6
3278 6
3278 6
3278 6
3278 6
3278 6
3278 6
3278 6
3278 6
3278 6
3278 6
3278 6
3278 6
3278 6
3278 6
3278 6
3278 6
3278 6
3278 6
3278 6
3278 6
3278 6
3278 6
3278 6
3278 6
3278 6
3278 6
3278 6
3278 6
3278 6
3278 6
3278 6
3278 6
3278 6
3278 6
3278 6
3278 6
3278 6
3278 6
3278 6
3278 6
3278 6
3278 6
3278 6
3278 6
3278 6
3278 6
3278 6
3278 6
3278 6
3278 6
3278 6
3278 6
3278 6
3278 6
3278 6
3278 6
3278 6
3278 6
3278 6
3278 6
3278 6
3278 6
3278 6
3278 6
3278 6
3278 6
3278 6
3278 6
3278 6
3278 6
3278 6
3278 6
3278 6
3278 6
3278 6
3278 6
3278 6
3278 6
3278 6
3278 6
3278 6
3278 6
3278 6
3278 6
3278 6
3278 6
3278 6
3278 6
3278 6
3278 6
3278 6
3278 6
3278 6
3278 6
3278 6
3278 6
3278 6
3278 6
3278 6
3278 6
3278 6
3278 6
3278 6
3278 6
3278 6
3278 6
3278 6
3278 6
3278 6
3278 6
3278 6
3278 6
3278 6
3278 6
3278 6
3278 6
3278 6
3278 6
3278 6
3278 6
3278 6
3278 6
3278 6
3278 6
3278 6
3278 6
3278 6
3278 6
3278 6
3278 6
3278 6
3278 6
3278 6
3278 6
3278 6
3278 6
3278 6
3278 6
3278 6
3278 6
3278 6
3278 6
3278 6
3278 6
3278 6
3278 6
3278 6
3278 6
3278 6
3278 6
3278 6
3278 6
3278 6
3278 6
3278 6
3278 54
3278 108
3278 106
3278 5
3278 55
3278 45
3278 141
3278 141
3278 141
3278 141
3278 106
3278 6
3278 57
3278 54
3278 16
3278 15
3278 54
3278 67
3278 111
3278 67
3278 66
3278 5
3278 6
3278 6
3278 6
3278 63
3278 63
3278 63
3278 6
3278 54
3278 106
3278 5
3278 108
3278 90
3278 3
3278 106
3278 5
3278 90
3278 6
3278 5
3278 3
3278 90
3278 90
3278 90
3278 6
3278 125
3278 91
3278 106
3278 5
3278 90
3278 6
3278 5
3278 3
3278 90
3278 90
3278 90
3278 6
3278 125
3278 5
3278 3
3278 90
3278 90
3278 90
3278 90
3278 6
3278 125
3278 91
3278 106
3278 5
3278 90
3278 6
3278 5
3278 3
3278 90
3278 90
3278 90
3278 6
3278 125
3278 91
3278 106
3278 5
3278 90
3278 6
3278 5
3278 3
3278 90
3278 90
3278 90
3278 90
3278 6
3278 125
3278 91
3278 3
3278 6
3278 91
3278 5
3278 108
3278 90
3278 3
3278 106
3278 5
3278 90
3278 6
3278 5
3278 3
3278 90
3278 90
3278 90
3278 6
3278 125
3278 91
3278 3
3278 6
3278 91
3278 5
3278 45
3278 108
3278 90
3278 3
3278 3
3278 6
3278 91
3278 5
3278 108
3278 90
3278 3
3278 19
3278 6
3278 91
3278 106
3278 5
3278 108
3278 90
3278 3
3278 19
3278 6
3278 91
3278 5
3278 108
3278 90
3278 3
3278 3
3278 6
3278 91
3278 76
3278 75
3278 24
3278 5
3278 108
3278 90
3278 3
3278 19
3278 6
3278 91
3278 13
3278 13
3278 13
3278 13
3278 13
3278 13
3278 13
3278 13
3278 13
3278 5
3278 5
3278 13
3278 54
3278 54
3278 13
3278 4
3278 54
3278 3
3278 54
3278 4
3278 5
3278 108
3278 90
3278 3
3278 19
3278 6
3278 91
3278 13
3278 13
3278 13
3278 13
3278 13
3278 13
3278 13
3278 13
3278 13
3278 5
3278 5
3278 13
3278 76
3278 75
3278 5
3278 5
3278 108
3278 90
3278 3
3278 3
3278 6
3278 91
3278 76
3278 75
3278 24
3278 5
3278 108
3278 90
3278 3
3278 19
3278 6
3278 91
3278 13
3278 13
3278 13
3278 13
3278 13
3278 13
3278 13
3278 13
3278 13
3278 5
3278 5
3278 13
3278 13
3278 13
3278 13
3278 13
3278 13
3278 76
3278 75
3278 5
3278 108
3278 90
3278 19
3278 3
3278 19
3278 6
3278 91
3278 27
3278 24
3278 50
3278 71
3278 70
3278 33
3278 23
3278 70
3278 71
3278 20
3278 5
3278 3
3278 3
3278 3
3278 3
3278 13
3278 19
3278 4
3278 6
3278 5
3278 67
3278 27
3278 143
3278 27
3278 4
3278 143
3278 6
3278 5
3278 19
3278 3
3278 5
3278 3
3278 6
3278 13
3278 108
3278 90
3278 54
3278 4
3278 19
3278 13
3278 4
3278 6
3278 5
3278 108
3278 90
3278 3
3278 19
3278 6
3278 91
3278 16
3278 15
3278 46
3278 49
3278 5
3278 108
3278 90
3278 3
3278 3
3278 6
3278 91
3278 5
3278 5
3278 81
3278 5
3278 108
3278 90
3278 3
3278 3
3278 6
3278 91
3278 76
3278 75
3278 24
3278 76
3278 75
3278 5
3278 108
3278 90
3278 3
3278 3
3278 6
3278 91
3278 76
3278 75
3278 24
3278 24
3278 54
3278 54
3278 108
3278 106
3278 5
3278 55
3278 141
3278 141
3278 141
3278 141
3278 106
3278 6
3278 5
3278 3
3278 3
3278 3
3278 3
3278 5
3278 108
3278 90
3278 3
3278 19
3278 6
3278 91
3278 13
3278 13
3278 13
3278 13
3278 13
3278 13
3278 13
3278 13
3278 13
3278 5
3278 5
3278 13
3278 13
3278 13
3278 13
3278 13
3278 6
3278 54
3278 54
3278 108
3278 106
3278 5
3278 55
3278 141
3278 141
3278 141
3278 141
3278 106
3278 6
3278 5
3278 3
3278 3
3278 3
3278 3
3278 13
3278 13
3278 13
3278 13
3278 13
3278 13
3278 6
3278 102
3278 102
3278 13
3278 20
3278 4
3278 6
3278 76
3278 75
3278 102
3278 102
3278 13
3278 4
3278 5
3278 67
3278 3
3278 67
3278 6
3278 106
3278 4
3278 67
3278 67
3278 67
3278 67
3278 67
3278 23
3278 12
3278 2
3278 67
3279 11
3278 114
3278 67
3278 5
3278 108
3278 90
3278 3
3278 3
3278 6
3278 91
3278 76
3278 75
3278 24
3278 13
3278 20
3278 4
3278 6
3278 76
3278 75
3278 91
3278 91
3278 91
3278 91
3278 91
3278 91
3278 1
3302 90
3302 125
3302 106
3302 5
3302 90
3302 6
3302 5
3302 3
3302 90
3302 90
3302 90
3302 6
3302 5
3302 3
3302 90
3302 90
3302 90
3302 6
3302 125
3302 5
3302 3
3302 90
3302 90
3302 90
3302 6
3302 125
3302 5
3302 3
3302 90
3302 90
3302 90
3302 90
3302 6
3302 125
3302 91
3302 125
3302 125
3302 125
3302 125
3302 136
3302 49
3302 24
3302 47
3302 50
3302 67
3302 27
3302 67
3302 67
3302 97
3302 122
3302 45
3302 45
3302 5
3302 106
3302 106
3302 106
3302 106
3302 106
3302 6
3302 6
3302 6
3302 6
3302 6
3302 6
3302 6
3302 6
3302 6
3302 6
3302 6
3302 6
3302 6
3302 6
3302 6
3302 6
3302 6
3302 6
3302 6
3302 6
3302 6
3302 6
3302 6
3302 6
3302 6
3302 6
3302 6
3302 6
3302 6
3302 6
3302 6
3302 6
3302 6
3302 6
3302 6
3302 6
3302 6
3302 6
3302 6
3302 6
3302 6
3302 6
3302 6
3302 6
3302 6
3302 6
3302 6
3302 6
3302 6
3302 6
3302 6
3302 6
3302 6
3302 6
3302 6
3302 6
3302 6
3302 6
3302 6
3302 6
3302 6
3302 6
3302 6
3302 6
3302 6
3302 6
3302 6
3302 6
3302 6
3302 6
3302 6
3302 6
3302 6
3302 6
3302 6
3302 6
3302 6
3302 6
3302 6
3302 6
3302 6
3302 6
3302 6
3302 6
3302 6
3302 6
3302 6
3302 6
3302 6
3302 6
3302 6
3302 6
3302 6
3302 6
3302 6
3302 6
3302 6
3302 6
3302 6
3302 6
3302 6
3302 6
3302 6
3302 6
3302 6
3302 6
3302 6
3302 6
3302 6
3302 6
3302 6
3302 6
3302 6
3302 6
3302 6
3302 6
3302 6
3302 6
3302 6
3302 6
3302 6
3302 6
3302 6
3302 6
3302 6
3302 6
3302 6
3302 6
3302 6
3302 6
3302 6
3302 6
3302 6
3302 6
3302 6
3302 6
3302 6
3302 6
3302 6
3302 6
3302 6
3302 6
3302 6
3302 6
3302 6
3302 6
3302 6
3302 6
3302 6
3302 6
3302 6
3302 6
3302 6
3302 6
3302 6
3302 6
3302 6
3302 6
3302 6
3302 6
3302 6
3302 6
3302 6
3302 6
3302 6
3302 6
3302 6
3302 6
3302 6
3302 6
3302 6
3302 6
3302 6
3302 6
3302 6
3302 6
3302 6
3302 6
3302 6
3302 6
3302 6
3302 6
3302 6
3302 6
3302 6
3302 6
3302 6
3302 6
3302 6
3302 6
3302 6
3302 6
3302 6
3302 6
3302 6
3302 6
3302 6
3302 6
3302 6
3302 6
3302 6
3302 6
3302 6
3302 6
3302 6
3302 6
3302 6
3302 6
3302 6
3302 6
3302 6
3302 6
3302 6
3302 6
3302 6
3302 6
3302 6
3302 6
3302 6
3302 6
3302 6
3302 6
3302 6
3302 6
3302 6
3302 6
3302 6
3302 6
3302 6
3302 6
3302 6
3302 6
3302 6
3302 6
3302 6
3302 6
3302 6
3302 6
3302 6
3302 6
3302 6
3302 6
3302 6
3302 6
3302 6
3302 6
3302 6
3302 6
3302 6
3302 6
3302 6
3302 6
3302 6
3302 6
3302 54
3302 108
3302 106
3302 5
3302 55
3302 45
3302 141
3302 141
3302 141
3302 141
3302 106
3302 6
3302 57
3302 54
3302 16
3302 15
3302 54
3302 67
3302 111
3302 67
3302 66
3302 5
3302 6
3302 6
3302 6
3302 63
3302 63
3302 63
3302 6
3302 54
3302 106
3302 5
3302 108
3302 90
3302 3
3302 106
3302 5
3302 90
3302 6
3302 5
3302 3
3302 90
3302 90
3302 90
3302 6
3302 125
3302 91
3302 106
3302 5
3302 90
3302 6
3302 5
3302 3
3302 90
3302 90
3302 90
3302 6
3302 125
3302 5
3302 3
3302 90
3302 90
3302 90
3302 90
3302 6
3302 125
3302 91
3302 106
3302 5
3302 90
3302 6
3302 5
3302 3
3302 90
3302 90
3302 90
3302 6
3302 125
3302 91
3302 106
3302 5
3302 90
3302 6
3302 5
3302 3
3302 90
3302 90
3302 90
3302 90
3302 6
3302 125
3302 91
3302 3
3302 6
3302 91
3302 5
3302 108
3302 90
3302 3
3302 106
3302 5
3302 90
3302 6
3302 5
3302 3
3302 90
3302 90
3302 90
3302 6
3302 125
3302 91
3302 3
3302 6
3302 91
3302 5
3302 45
3302 108
3302 90
3302 3
3302 3
3302 6
3302 91
3302 5
3302 108
3302 90
3302 3
3302 19
3302 6
3302 91
3302 5
3302 108
3302 90
3302 3
3302 3
3302 6
3302 91
3302 76
3302 75
3302 24
3302 5
3302 108
3302 90
3302 3
3302 19
3302 6
3302 91
3302 13
3302 13
3302 13
3302 13
3302 13
3302 13
3302 13
3302 13
3302 13
3302 5
3302 5
3302 13
3302 54
3302 54
3302 13
3302 4
3302 54
3302 3
3302 54
3302 4
3302 5
3302 108
3302 90
3302 3
3302 19
3302 6
3302 91
3302 13
3302 13
3302 13
3302 13
3302 13
3302 13
3302 13
3302 13
3302 13
3302 5
3302 5
3302 13
3302 76
3302 75
3302 5
3302 5
3302 108
3302 90
3302 3
3302 3
3302 6
3302 91
3302 76
3302 75
3302 24
3302 5
3302 108
3302 90
3302 3
3302 19
3302 6
3302 91
3302 13
3302 13
3302 13
3302 13
3302 13
3302 13
3302 13
3302 13
3302 13
3302 5
3302 5
3302 13
3302 13
3302 13
3302 13
3302 13
3302 13
3302 76
3302 75
3302 5
3302 108
3302 90
3302 19
3302 3
3302 19
3302 6
3302 91
3302 27
3302 24
3302 50
3302 71
3302 70
3302 33
3302 23
3302 70
3302 71
3302 20
3302 5
3302 3
3302 3
3302 3
3302 3
3302 13
3302 19
3302 4
3302 6
3302 5
3302 67
3302 27
3302 143
3302 27
3302 4
3302 143
3302 6
3302 5
3302 19
3302 3
3302 5
3302 3
3302 6
3302 13
3302 108
3302 90
3302 54
3302 4
3302 19
3302 13
3302 4
3302 6
3302 5
3302 108
3302 90
3302 3
3302 19
3302 6
3302 91
3302 16
3302 15
3302 46
3302 49
3302 5
3302 108
3302 90
3302 3
3302 3
3302 6
3302 91
3302 5
3302 5
3302 81
3302 5
3302 108
3302 90
3302 3
3302 3
3302 6
3302 91
3302 76
3302 75
3302 24
3302 76
3302 75
3302 5
3302 108
3302 90
3302 3
3302 3
3302 6
3302 91
3302 76
3302 75
3302 24
3302 24
3302 54
3302 54
3302 108
3302 106
3302 5
3302 55
3302 141
3302 141
3302 141
3302 141
3302 106
3302 6
3302 5
3302 3
3302 3
3302 3
3302 3
3302 5
3302 108
3302 90
3302 3
3302 19
3302 6
3302 91
3302 13
3302 13
3302 13
3302 13
3302 13
3302 13
3302 13
3302 13
3302 13
3302 5
3302 5
3302 13
3302 13
3302 13
3302 13
3302 13
3302 6
3302 54
3302 54
3302 108
3302 106
3302 5
3302 55
3302 141
3302 141
3302 141
3302 141
3302 106
3302 6
3302 5
3302 3
3302 3
3302 3
3302 3
3302 13
3302 13
3302 13
3302 13
3302 13
3302 13
3302 6
3302 102
3302 102
3302 13
3302 20
3302 4
3302 6
3302 76
3302 75
3302 5
3302 67
3302 3
3302 67
3302 6
3302 106
3302 67
3302 67
3302 67
3302 67
3302 67
3302 23
3302 12
3302 2
3302 67
3302 114
15210 11
