229 90
229 125
229 106
229 5
229 90
229 6
229 5
229 3
229 90
229 90
229 90
229 90
229 6
229 125
229 91
229 125
229 125
229 136
229 49
229 24
229 47
229 50
229 78
229 20
229 60
229 6
229 6
229 6
229 6
229 6
229 6
229 6
229 6
229 6
229 6
229 6
229 6
229 6
229 6
229 6
229 6
229 6
229 6
229 6
229 6
229 6
229 6
229 6
229 6
229 6
229 6
229 6
229 6
229 6
229 6
229 6
229 6
229 6
229 6
229 6
229 6
229 6
229 6
229 6
229 6
229 6
229 6
229 6
229 6
229 6
229 6
229 6
229 6
229 6
229 6
229 6
229 6
229 6
229 6
229 6
229 6
229 6
229 6
229 6
229 6
229 6
229 6
229 6
229 6
229 6
229 6
229 6
229 6
229 6
229 6
229 6
229 6
229 6
229 6
229 6
229 6
229 6
229 6
229 6
229 6
229 6
229 6
229 6
229 6
229 6
229 6
229 6
229 6
229 6
229 6
229 6
229 6
229 6
229 6
229 6
229 6
229 6
229 6
229 6
229 6
229 6
229 6
229 6
229 6
229 6
229 6
229 6
229 6
229 6
229 6
229 6
229 6
229 6
229 6
229 6
229 6
229 6
229 6
229 6
229 6
229 6
229 6
229 6
229 6
229 6
229 6
229 6
229 6
229 6
229 6
229 6
229 6
229 6
229 6
229 6
229 6
229 6
229 6
229 6
229 6
229 6
229 6
229 6
229 6
229 6
229 6
229 6
229 6
229 6
229 6
229 6
229 6
229 6
229 6
229 6
229 6
229 6
229 6
229 6
229 6
229 6
229 6
229 6
229 6
229 6
229 6
229 6
229 6
229 6
229 6
229 6
229 6
229 6
229 6
229 6
229 6
229 6
229 6
229 6
229 6
229 6
229 6
229 6
229 6
229 6
229 6
229 6
229 6
229 6
229 6
229 6
229 6
229 6
229 6
229 6
229 6
229 6
229 6
229 6
229 6
229 6
229 6
229 6
229 6
229 6
229 6
229 6
229 6
229 6
229 6
229 6
229 6
229 6
229 6
229 6
229 6
229 6
229 6
229 6
229 6
229 6
229 6
229 6
229 6
229 6
229 6
229 6
229 6
229 6
229 6
229 6
229 6
229 6
229 6
229 6
229 6
229 6
229 6
229 6
229 6
229 6
229 6
229 6
229 6
229 6
229 6
229 6
229 6
229 6
229 6
229 6
229 6
229 6
229 102
229 102
229 45
229 45
229 5
229 108
229 90
229 19
229 20
229 4
229 6
229 91
229 13
229 5
229 3
229 6
229 13
229 20
229 4
229 78
229 20
229 102
229 55
229 6
229 102
229 102
229 102
229 67
229 67
229 67
229 67
229 67
229 67
229 67
229 13
229 54
229 54
229 102
229 55
229 6
229 102
229 102
229 55
229 55
229 102
229 54
229 54
229 54
229 102
229 55
229 6
229 102
229 102
229 55
229 55
229 102
229 54
229 54
229 102
229 55
229 6
229 102
229 102
229 55
229 55
229 102
229 78
229 5
229 45
229 108
229 90
229 3
229 3
229 6
229 91
229 5
229 108
229 90
229 3
229 45
229 3
229 3
229 6
229 91
229 5
229 108
229 90
229 3
229 3
229 6
229 91
229 78
229 45
229 5
229 108
229 90
229 3
229 12
229 5
229 78
229 108
229 108
229 90
229 3
229 45
229 3
229 6
229 91
229 13
229 20
229 4
229 5
229 78
229 108
229 108
229 90
229 3
229 13
229 20
229 4
229 3
229 6
229 91
229 13
229 20
229 4
229 106
229 5
229 78
229 108
229 108
229 90
229 3
229 45
229 45
229 3
229 45
229 45
229 45
229 3
229 45
229 45
229 3
229 45
229 45
229 45
229 3
229 45
229 45
229 3
229 3
229 6
229 91
229 13
229 20
229 4
229 106
229 5
229 78
229 108
229 108
229 90
229 3
229 45
229 45
229 45
229 3
229 45
229 45
229 3
229 6
229 91
229 13
229 20
229 4
229 106
229 5
229 78
229 108
229 108
229 90
229 3
229 45
229 45
229 45
229 3
229 3
229 6
229 91
229 13
229 20
229 4
229 106
229 5
229 78
229 108
229 108
229 90
229 3
229 45
229 3
229 6
229 91
229 13
229 20
229 4
229 106
229 5
229 78
229 108
229 108
229 90
229 3
229 3
229 6
229 91
229 13
229 20
229 4
229 106
229 5
229 78
229 108
229 108
229 90
229 3
229 3
229 6
229 91
229 13
229 20
229 4
229 106
229 5
229 78
229 108
229 108
229 90
229 3
229 45
229 3
229 6
229 91
229 13
229 20
229 4
229 106
229 5
229 78
229 108
229 108
229 90
229 3
229 45
229 3
229 6
229 91
229 13
229 20
229 4
229 106
229 5
229 78
229 108
229 108
229 90
229 3
229 3
229 6
229 91
229 13
229 20
229 4
229 106
229 5
229 78
229 108
229 108
229 90
229 3
229 3
229 6
229 91
229 13
229 20
229 4
229 106
229 5
229 78
229 108
229 108
229 90
229 3
229 45
229 45
229 3
229 45
229 45
229 3
229 6
229 91
229 13
229 20
229 4
229 3
229 6
229 91
229 13
229 67
229 67
229 67
229 67
229 67
229 2
229 1
370 66
370 5
370 63
370 63
370 63
370 6
370 5
370 20
370 108
370 90
370 4
370 6
370 91
370 13
370 20
370 4
370 45
370 78
370 20
370 5
370 108
370 90
370 3
370 3
370 6
370 91
370 102
370 126
370 78
370 102
370 78
370 102
370 78
370 45
370 102
370 78
370 104
370 78
370 82
370 102
370 78
370 78
370 30
370 106
370 102
370 78
370 78
370 30
370 106
370 102
370 78
370 78
370 30
370 106
370 102
370 78
370 78
370 102
370 126
370 82
370 102
370 78
370 78
370 102
370 102
370 126
370 78
370 82
370 102
370 78
370 78
370 102
370 102
370 126
370 78
370 82
370 102
370 78
370 78
370 102
370 102
370 126
370 78
370 82
370 102
370 78
370 78
370 102
370 102
370 126
370 78
370 82
370 102
370 78
370 78
370 102
370 102
370 126
370 82
370 102
370 78
370 78
370 102
370 102
370 126
370 82
370 102
370 78
370 78
370 102
370 102
370 126
370 82
370 102
370 78
370 78
370 102
370 102
370 102
370 126
370 78
370 82
370 102
370 78
370 78
370 13
370 20
370 4
370 102
370 102
370 126
370 78
370 82
370 102
370 78
370 78
370 102
370 102
370 126
370 78
370 82
370 102
370 78
370 78
370 102
370 102
370 126
370 78
370 82
370 102
370 78
370 78
370 102
370 126
370 82
370 102
370 78
370 78
370 102
370 102
370 126
370 78
370 82
370 102
370 78
370 78
370 102
370 102
370 126
370 78
370 82
370 102
370 78
370 78
370 102
370 102
370 126
370 78
370 82
370 102
370 78
370 78
370 102
370 102
370 126
370 78
370 82
370 102
370 78
370 78
370 102
370 102
370 126
370 82
370 102
370 78
370 78
370 102
370 102
370 126
370 78
370 82
370 102
370 78
370 78
370 102
370 102
370 126
370 82
370 102
370 78
370 78
370 102
370 102
370 126
370 82
370 102
370 78
370 78
370 102
370 102
370 126
370 82
370 102
370 78
370 78
370 102
370 102
370 126
370 82
370 102
370 78
370 78
370 102
370 102
370 126
370 82
370 102
370 78
370 78
370 102
370 102
370 126
370 82
370 102
370 78
370 78
370 102
370 102
370 126
370 78
370 82
370 102
370 78
370 78
370 102
370 102
370 126
370 82
370 102
370 78
370 78
370 102
370 102
370 126
370 82
370 102
370 78
370 78
370 102
370 102
370 126
370 82
370 102
370 78
370 78
370 102
370 102
370 126
370 82
370 102
370 78
370 78
370 102
370 102
370 126
370 78
370 82
370 126
370 78
370 102
370 126
370 78
370 82
370 102
370 78
370 78
370 102
370 102
370 126
370 78
370 82
370 102
370 78
370 78
370 102
370 102
370 126
370 82
370 102
370 126
370 82
370 102
370 78
370 78
370 102
370 102
370 126
370 82
370 102
370 78
370 78
370 102
370 102
370 126
370 82
370 102
370 78
370 78
370 102
370 102
370 126
370 78
370 82
370 102
370 78
370 78
370 102
370 102
370 126
370 82
370 102
370 78
370 78
370 45
370 102
370 102
370 102
370 126
370 78
370 82
370 102
370 78
370 78
370 102
370 102
370 126
370 78
370 82
370 102
370 78
370 78
370 102
370 102
370 126
370 78
370 82
370 102
370 78
370 78
370 102
370 102
370 126
370 78
370 82
370 102
370 78
370 78
370 102
370 78
370 78
370 102
370 102
370 126
370 78
370 82
370 102
370 78
370 78
370 102
370 102
370 126
370 82
370 102
370 78
370 78
370 102
370 102
370 126
370 82
370 102
370 78
370 78
370 102
370 102
370 126
370 82
370 102
370 78
370 78
370 102
370 102
370 126
370 82
370 102
370 78
370 78
370 102
370 102
370 126
370 78
370 82
370 126
370 78
370 102
370 126
370 78
370 82
370 102
370 78
370 78
370 45
370 102
370 102
370 126
370 78
370 82
370 102
370 78
370 78
370 102
370 102
370 126
370 82
370 102
370 78
370 78
370 102
370 102
370 126
370 78
370 82
370 102
370 78
370 78
370 102
370 102
370 102
370 126
370 78
370 82
370 102
370 78
370 78
370 102
370 102
370 126
370 78
370 82
370 102
370 78
370 78
370 102
370 102
370 126
370 78
370 82
370 102
370 78
370 78
370 102
370 126
370 82
370 102
370 78
370 78
370 102
370 102
370 126
370 82
370 102
370 78
370 78
370 102
370 102
370 126
370 82
370 102
370 78
370 78
370 102
370 102
370 126
370 78
370 82
370 102
370 78
370 78
370 102
370 102
370 126
370 78
370 82
370 102
370 78
370 78
370 45
370 102
370 102
370 126
370 82
370 102
370 78
370 78
370 13
370 20
370 4
370 102
370 102
370 126
370 82
370 102
370 78
370 78
370 102
370 102
370 126
370 78
370 82
370 102
370 78
370 78
370 102
370 102
370 126
370 78
370 82
370 102
370 78
370 78
370 102
370 102
370 126
370 82
370 102
370 78
370 78
370 102
370 102
370 126
370 78
370 82
370 102
370 78
370 78
370 102
370 102
370 126
370 78
370 82
370 102
370 78
370 78
370 102
370 102
370 126
370 82
370 102
370 78
370 78
370 13
370 20
370 4
370 102
370 102
370 126
370 82
370 102
370 78
370 78
370 102
370 102
370 126
370 82
370 102
370 78
370 78
370 102
370 102
370 126
370 82
370 102
370 78
370 78
370 102
370 102
370 126
370 78
370 82
370 102
370 78
370 78
370 102
370 102
370 126
370 82
370 102
370 78
370 78
370 102
370 102
370 126
370 82
370 102
370 78
370 78
370 102
370 102
370 126
370 78
370 82
370 102
370 78
370 78
370 102
370 102
370 126
370 82
370 102
370 78
370 78
370 102
370 102
370 126
370 82
370 102
370 78
370 78
370 102
370 102
370 126
370 78
370 82
370 102
370 78
370 78
370 13
370 20
370 4
370 102
370 102
370 126
370 78
370 82
370 102
370 78
370 78
370 102
370 102
370 126
370 78
370 82
370 102
370 78
370 78
370 45
370 102
370 102
370 126
370 82
370 102
370 78
370 78
370 102
370 102
370 126
370 82
370 102
370 78
370 78
370 102
370 102
370 126
370 82
370 102
370 78
370 78
370 102
370 102
370 126
370 78
370 82
370 102
370 78
370 78
370 102
370 102
370 126
370 78
370 82
370 102
370 78
370 78
370 102
370 102
370 126
370 78
370 82
370 102
370 78
370 78
370 102
370 102
370 126
370 82
370 102
370 78
370 78
370 102
370 102
370 126
370 82
370 102
370 78
370 78
370 102
370 102
370 126
370 78
370 82
370 102
370 78
370 78
370 102
370 102
370 126
370 78
370 82
370 102
370 78
370 78
370 102
370 102
370 126
370 82
370 102
370 78
370 78
370 102
370 102
370 126
370 78
370 82
370 126
370 78
370 102
370 126
370 78
370 82
370 102
370 78
370 78
370 45
370 102
370 102
370 102
370 126
370 78
370 82
370 102
370 78
370 78
370 102
370 102
370 126
370 78
370 82
370 102
370 78
370 78
370 102
370 126
370 78
370 82
370 102
370 78
370 78
370 102
370 126
370 78
370 82
370 102
370 78
370 78
370 102
370 102
370 126
370 82
370 102
370 126
370 82
370 102
370 78
370 78
370 102
370 102
370 126
370 82
370 102
370 78
370 78
370 102
370 102
370 126
370 78
370 82
370 126
370 78
370 102
370 126
370 78
370 82
370 102
370 78
370 78
370 102
370 102
370 126
370 78
370 82
370 102
370 78
370 78
370 102
370 102
370 126
370 78
370 82
370 102
370 78
370 78
370 102
370 102
370 126
370 78
370 82
370 102
370 78
370 78
370 102
370 102
370 126
370 78
370 82
370 102
370 78
370 78
370 45
370 102
370 102
370 102
370 126
370 78
370 82
370 102
370 78
370 78
370 102
370 102
370 126
370 78
370 82
370 102
370 78
370 78
370 102
370 126
370 78
370 82
370 126
370 78
370 102
370 126
370 78
370 82
370 102
370 78
370 78
370 102
370 102
370 102
370 126
370 78
370 82
370 102
370 78
370 78
370 102
370 102
370 126
370 78
370 82
370 102
370 126
370 78
370 82
370 102
370 78
370 78
370 102
370 126
370 82
370 102
370 78
370 78
370 102
370 102
370 126
370 78
370 82
370 102
370 78
370 78
370 102
370 102
370 126
370 78
370 82
370 102
370 78
370 78
370 102
370 102
370 126
370 82
370 102
370 78
370 78
370 102
370 102
370 126
370 78
370 82
370 102
370 78
370 78
370 102
370 102
370 102
370 126
370 78
370 82
370 102
370 78
370 78
370 102
370 102
370 126
370 78
370 82
370 102
370 78
370 78
370 102
370 102
370 126
370 78
370 82
370 102
370 78
370 78
370 102
370 126
370 82
370 102
370 78
370 78
370 102
370 102
370 126
370 78
370 82
370 102
370 78
370 78
370 102
370 102
370 126
370 82
370 102
370 78
370 78
370 102
370 102
370 126
370 82
370 102
370 78
370 78
370 102
370 102
370 126
370 82
370 102
370 78
370 78
370 102
370 102
370 126
370 82
370 119
370 126
370 78
370 102
370 78
370 45
370 102
370 78
370 104
370 78
370 82
370 102
370 78
370 78
370 30
370 106
370 102
370 126
370 78
370 82
370 102
370 78
370 78
370 30
370 106
370 102
370 126
370 82
370 102
370 78
370 78
370 102
370 102
370 126
370 78
370 82
370 102
370 78
370 78
370 102
370 102
370 126
370 78
370 82
370 102
370 78
370 78
370 102
370 102
370 126
370 82
370 102
370 78
370 78
370 102
370 102
370 126
370 82
370 102
370 78
370 78
370 102
370 102
370 102
370 126
370 78
370 82
370 102
370 78
370 78
370 102
370 102
370 126
370 78
370 82
370 102
370 78
370 78
370 102
370 126
370 82
370 102
370 78
370 78
370 102
370 102
370 126
370 82
370 102
370 78
370 78
370 102
370 102
370 126
370 82
370 102
370 78
370 78
370 102
370 102
370 126
370 78
370 82
370 102
370 78
370 78
370 102
370 102
370 102
370 126
370 78
370 82
370 126
370 78
370 102
370 126
370 78
370 102
370 126
370 78
370 82
370 102
370 78
370 78
370 102
370 78
370 78
370 102
370 126
370 82
370 102
370 78
370 78
370 102
370 102
370 126
370 82
370 102
370 78
370 78
370 102
370 102
370 126
370 82
370 102
370 78
370 78
370 102
370 102
370 126
370 78
370 82
370 102
370 78
370 78
370 102
370 102
370 126
370 82
370 102
370 78
370 78
370 102
370 102
370 126
370 78
370 82
370 102
370 78
370 78
370 102
370 102
370 126
370 82
370 102
370 78
370 78
370 102
370 102
370 126
370 82
370 102
370 78
370 78
370 102
370 102
370 126
370 82
370 102
370 78
370 78
370 102
370 102
370 126
370 82
370 102
370 78
370 78
370 102
370 102
370 126
370 78
370 82
370 102
370 78
370 78
370 102
370 102
370 102
370 126
370 78
370 82
370 102
370 78
370 78
370 45
370 102
370 102
370 126
370 78
370 82
370 102
370 78
370 78
370 102
370 126
370 78
370 82
370 126
370 78
370 102
370 126
370 78
370 82
370 102
370 78
370 78
370 102
370 102
370 126
370 82
370 102
370 78
370 78
370 102
370 102
370 126
370 82
370 102
370 78
370 78
370 102
370 102
370 126
370 78
370 82
370 102
370 78
370 78
370 102
370 102
370 126
370 78
370 82
370 102
370 78
370 78
370 102
370 102
370 126
370 78
370 82
370 126
370 78
370 102
370 126
370 78
370 82
370 102
370 78
370 78
370 102
370 102
370 102
370 126
370 78
370 82
370 102
370 78
370 78
370 45
370 102
370 102
370 102
370 102
370 126
370 78
370 82
370 102
370 78
370 78
370 102
370 102
370 126
370 78
370 82
370 102
370 78
370 78
370 102
370 102
370 126
370 78
370 82
370 102
370 78
370 78
370 102
370 102
370 78
370 78
370 102
370 102
370 126
370 78
370 82
370 102
370 78
370 78
370 102
370 126
370 78
370 82
370 102
370 78
370 78
370 102
370 126
370 78
370 82
370 102
370 78
370 78
370 102
370 126
370 82
370 102
370 78
370 78
370 102
370 102
370 126
370 82
370 102
370 78
370 78
370 102
370 102
370 78
370 78
370 102
370 102
370 126
370 82
370 102
370 78
370 78
370 102
370 102
370 126
370 82
370 102
370 78
370 78
370 102
370 102
370 126
370 82
370 102
370 78
370 78
370 102
370 102
370 126
370 82
370 102
370 78
